0.0 0.3756118516852386
0.008333333333333333 0.9707170553399852
0.016666666666666666 1.2365822310404697
0.025 1.3849720992259889
0.03333333333333333 1.304594241482549
0.041666666666666664 1.4808072200298514
0.08333333333333333 2.303134395667748
0.09166666666666666 1.4313439229569653
0.1 0.904250752777437
0.10833333333333334 0.5100901762064356
0.11666666666666667 0.31532847277337056
0.125 0.6816659504991583
0.13333333333333333 0.350880214665365
0.14166666666666666 0.9398024946694314
0.15 1.8734220656881828
0.175 2.62464576905866
0.18333333333333332 1.8224130492191961
0.19166666666666665 1.589008153585366
0.2 1.797681400682753
0.20833333333333334 1.4344353847823055
0.21666666666666667 1.4158866483799732
0.225 1.5256333243647273
0.24166666666666667 1.507084587962395
0.25 1.3896092804474296
0.275 1.6802061046843573
0.2916666666666667 1.2303993073897896
0.36666666666666664 1.2149420328127973
0.38333333333333336 0.03400601097932441
0.4 0.4838127967573226
0.4166666666666667 0.9104336533949784
0.43333333333333335 0.9351653019314213
12.825 4.0544439611029555
12.833333333333334 3.331043368094261
12.841666666666667 2.9585229667177932
12.85 2.7931301045591814
12.858333333333333 2.760669824492527
12.866666666666667 2.6447402248570926
12.875 2.8966938568932554
12.883333333333333 3.1378273955738663
12.891666666666666 3.275397170403834
12.9 3.443881494387786
12.908333333333333 3.5938170819694055
12.916666666666666 3.593817093485975
12.924999999999999 3.8828681752936633
12.933333333333334 3.8411335327841276
12.941666666666666 3.528896521836097
12.95 3.1532846701508586
12.958333333333332 2.774581368156849
12.966666666666667 2.5148990930739057
12.975 2.644740236373662
12.983333333333333 2.538085010697679
12.991666666666665 2.85959639560516
13.0 2.9600686976304633
13.008333333333333 2.9817088843415664
13.016666666666667 3.0914555603263203
13.025 3.105367115507212
13.033333333333333 3.1671962138151804
13.041666666666666 3.096092741547761
13.05 3.2553027030888315
13.058333333333334 3.1733791374658606
13.066666666666666 3.501073422990883
13.075 3.4948905108567727
13.083333333333334 3.5706311643456328
13.091666666666667 3.6850150215518274
13.1 3.671103477887505
13.108333333333333 3.335680549315702
13.116666666666667 3.082181197883439
13.125 2.6153714066157785
13.133333333333333 2.363417774579616
13.141666666666666 2.3263203017749516
13.15 2.496350368188143
13.158333333333333 2.3124087581106294
13.166666666666666 2.446887071115257
13.174999999999999 2.5952769393007764
13.183333333333334 2.517990554899246
13.191666666666666 2.5952769393007764
13.2 2.578273933811114
13.208333333333332 2.304680126580418
13.216666666666667 2.500987549409584
13.225 2.459252906900048
13.233333333333333 2.3927866043374997
13.241666666666665 2.5489051040532305
13.25 2.729755252305404
13.258333333333333 2.831773285243377
13.266666666666667 2.794675823955282
13.275 2.8209531918878255
13.283333333333333 2.8425933785989286
13.291666666666666 2.70347788437286
13.3 2.8379562088940573
13.308333333333334 2.564362390146792
13.316666666666666 2.6076427635689976
13.325 2.683383417057858
13.333333333333334 2.901331049631265
13.341666666666667 2.8936024065844848
13.35 2.7065693461982003
13.358333333333333 2.579819664723784
13.366666666666667 2.5195362742953464
13.375 2.264491203466983
13.383333333333333 2.153198796569559
13.391666666666666 2.1501073462607883
13.4 2.4206097031827136
13.408333333333333 2.8255903846258357
13.416666666666666 2.7328467141307438
13.424999999999999 2.78076428029096
13.433333333333334 2.708115065594301
13.441666666666666 2.7714899178480783
13.45 3.020352088058901
13.458333333333332 2.9538857854963525
13.466666666666667 2.905968230852706
13.475 3.1084585658159827
13.483333333333333 3.2614856152229423
13.491666666666665 3.3944182088314694
13.5 3.480978955675881
13.508333333333333 3.314040362604599
13.516666666666667 3.264577065531713
13.525 3.252211252780061
13.533333333333333 3.2352082357738294
13.541666666666666 3.185744950217513
13.55 2.9585229782343627
13.558333333333334 2.672563335218876
13.566666666666666 2.480893093611151
13.575 2.046543582410145
13.583333333333334 2.1794761645021024
13.591666666666667 2.0558179563695957
13.6 1.9708029174047152
13.608333333333333 1.9754401101427255
13.616666666666667 2.015629021739591
13.625 1.9352511870292903
13.633333333333333 2.0264491150951427
13.641666666666666 2.147015884435448
13.65 2.213482175481427
13.658333333333333 2.1238299668116754
13.666666666666666 2.1392872529052367
13.674999999999999 2.2907685713995267
13.683333333333334 2.0357234890545937
13.691666666666666 1.9352511870292903
13.7 2.0573636757656963
13.708333333333332 2.08364104369824
13.716666666666667 2.2613997416416427
13.725 2.3448690381772836
13.733333333333333 2.381966499465379
13.741666666666665 2.491713175450133
13.75 2.649377417595103
13.758333333333333 2.7761270875529496
13.766666666666667 2.652468879420443
13.775 2.5118076427651355
13.783333333333333 2.360326312754276
13.791666666666666 2.2490339173734215
13.8 1.9414340876468317
13.808333333333334 1.8533275983731805
13.816666666666666 1.567367966874263
13.825 1.5364534177202787
13.833333333333334 1.4730785769830705
13.841666666666667 1.5441820607670595
13.85 1.4328896538696354
13.858333333333333 1.2164877637254674
13.866666666666667 1.2350365001277996
13.875 1.2613138680603433
13.883333333333333 1.3416917142872136
13.891666666666666 1.3617861700856466
13.9 1.397337911977641
13.908333333333333 1.567367966874263
13.916666666666666 1.721940747193893
13.924999999999999 2.133104340771126
13.933333333333334 2.139287241388667
13.941666666666666 2.145470153522778
13.95 2.131558609858456
13.958333333333332 1.8440532474468685
13.966666666666667 1.6060111705915976
13.975 1.4282524726481947
13.983333333333333 1.4885358515600629
13.991666666666665 1.182481752746143
14.0 1.1021039065192728
14.008333333333333 1.2427651431745805
14.016666666666667 1.381880637400649
14.025 1.6091026209003683
14.033333333333333 1.8255044995279668
14.041666666666666 1.9893516538070475
14.05 1.9769858410553955
14.058333333333334 2.0558179563695957
14.066666666666666 1.998626016249929
14.075 1.650837263409904
14.083333333333334 1.350966076730095
14.091666666666667 1.1778445715247023
14.1 0.905796483690107
14.108333333333333 1.0047230663193096
14.116666666666667 0.9119793843076484
14.125 1.1546586539009294
14.133333333333333 1.5179046698013772
14.141666666666666 1.6168312639471492
14.15 1.7389437526835552
14.158333333333333 1.5148132310091758
14.166666666666666 1.4715328460704005
14.174999999999999 1.2937741596435672
14.183333333333334 1.188664664880254
14.191666666666666 1.1051953568280435
14.2 1.0912838131637213
14.208333333333332 1.1392013793239373
14.216666666666667 1.1546586539009294
14.225 1.2474023128794518
14.233333333333333 1.219579214034238
14.241666666666665 1.2072134012825861
14.25 1.3710605325285279
14.258333333333333 1.4390725660037462
14.266666666666667 1.3571490003807753
14.275 1.4390725660037462
14.283333333333333 1.4313439229569653
14.291666666666666 1.3787891755753088
14.3 1.374151994353868
14.308333333333334 1.3030485105698792
14.316666666666666 1.1933018461016944
14.325 0.9923572305345187
14.333333333333334 1.0062687857154102
14.341666666666667 1.0371833348693946
14.35 1.0526406209629562
14.358333333333333 1.0650064452311776
14.366666666666667 1.015543159674861
14.375 0.9568055001590937
14.383333333333333 0.8470588241743396
14.391666666666666 0.975354236561426
14.4 1.1515671920755892
14.408333333333333 1.2860455050802169
14.416666666666666 1.5720051596122733
14.424999999999999 1.640017181570922
14.433333333333334 1.575096609921044
14.441666666666666 1.6230141645646905
14.45 1.5302704940695986
14.458333333333332 1.2257621376849184
14.466666666666667 1.0186346099836316
14.475 1.057277802184397
14.483333333333333 1.0851009010296104
14.491666666666665 1.227307857081019
14.5 1.3200515275761107
14.508333333333333 1.551910692297271
14.516666666666667 1.507084587962395
14.525 1.3324173518443323
14.533333333333333 1.3200515160595414
14.541666666666666 1.1175611926128344
14.55 1.1515672035921587
14.558333333333334 1.2844997856841163
14.566666666666666 1.3030485105698792
14.575 1.442164016312517
14.583333333333334 1.6044654396789275
14.591666666666667 1.85641907171509
14.6 1.8734220656881828
14.608333333333333 1.6508372749264735
14.616666666666667 1.672477450121007
14.625 1.6678402804161356
14.633333333333333 1.550364961384601
14.641666666666666 1.5163589504052764
14.65 1.4715328460704005
14.658333333333333 1.2628595874564439
14.666666666666666 1.1113782804787236
14.674999999999999 0.9537140383337536
14.683333333333334 1.0139974172456216
14.691666666666666 1.0449119779161753
14.7 0.8223271871544661
14.708333333333332 0.9166165770456585
14.716666666666667 1.0016315929774002
14.725 0.8903392091131149
14.733333333333333 0.7759553403903507
14.741666666666665 0.5920137418294066
14.75 0.5734650054270743
14.758333333333333 0.6600257637880553
14.766666666666667 0.7697724397728094
14.775 0.9428939449782021
14.783333333333333 1.0650064337146083
14.791666666666666 1.3710605440450974
14.8 1.6013739778535874
14.808333333333334 1.7111206538383414
14.816666666666666 1.7265779284153338
14.825 1.6446543512757934
14.833333333333334 1.5704594286996032
14.841666666666667 1.2937741596435672
14.85 1.08046371980817
14.858333333333333 0.7481322530617065
14.866666666666667 0.7929583458800129
14.875 0.8022327198394638
14.883333333333333 1.0016316044939695
14.891666666666666 1.1994847582358052
14.9 1.5009016643117148
14.908333333333333 1.7559467581732173
14.916666666666666 1.9893516538070475
14.924999999999999 2.003263208987939
14.933333333333334 1.8146844176889847
14.941666666666666 1.5132674885799364
14.95 1.4699871266742999
14.958333333333332 1.3834263567967495
14.966666666666667 1.1762988406120323
14.975 1.1732073903032616
14.983333333333333 1.1871189339675838
14.991666666666665 1.1036496374319429
15.0 1.2875912475094564
15.008333333333333 1.0711893573652884
15.016666666666667 1.0773722694993992
15.025 1.1392013793239373
15.033333333333333 1.1376556484112672
15.041666666666666 1.179390290920803
15.05 1.1515672035921587
15.058333333333334 1.0480034397415154
15.066666666666666 1.097466725297832
15.075 1.0619149834058377
15.083333333333334 0.9598969619844337
15.091666666666667 1.0170888790709618
15.1 1.0480034397415154
15.108333333333333 1.0773722579828298
15.116666666666667 1.0603692524931676
15.125 1.1237440932303757
15.133333333333333 0.9382567637567615
15.141666666666666 0.9506225880249829
15.15 1.024817510601173
15.158333333333333 0.8161442635037859
15.166666666666666 0.8609703793552311
15.174999999999999 0.8285100992885768
15.183333333333334 0.8625161102679012
15.191666666666666 0.6275654722048316
15.2 0.5549162805413115
15.208333333333332 0.5703735436017342
15.216666666666667 0.5270931816960978
15.225 0.7063975875190319
15.233333333333333 0.8099613513696752
15.241666666666665 0.9336195825353207
15.25 1.1716616593905915
15.258333333333333 1.1021039065192728
15.266666666666667 1.1608415545184707
15.275 0.8857020163751048
15.283333333333333 0.8826105660663341
15.291666666666666 0.9568055001590937
15.3 1.1268355550557156
15.308333333333334 1.2072134012825861
15.316666666666666 1.3277801706228916
15.325 1.3880635380181903
15.333333333333334 1.2937741481269978
15.341666666666667 1.4267067417355248
15.35 1.2582224177515726
15.358333333333333 1.1948475654977952
15.366666666666667 1.1392013678073678
15.375 1.3447831761125537
15.383333333333333 1.0603692524931676
15.391666666666666 0.8578789175298911
15.4 0.7805925216117915
15.408333333333333 0.8594246369259917
15.416666666666666 0.578102186648515
15.424999999999999 0.4621726100462196
15.433333333333334 0.3137827418607005
15.441666666666666 0.2859596430154868
15.45 0.4760841537105418
15.458333333333332 0.5580077193335128
15.466666666666667 0.7326749669681449
15.475 0.8996135715559963
15.483333333333333 0.8393301811275589
15.491666666666665 0.879519104240994
15.5 1.1515672035921587
15.508333333333333 1.097466725297832
15.516666666666667 1.1531129229882593
15.525 0.7574066039880185
15.533333333333333 0.576556455735845
15.541666666666666 0.28132246179404613
15.55 0.006182912134110748
15.558333333333334 0.032460291583223784
15.566666666666666 -0.08192357713954036
15.575 -0.010820093355551457
15.583333333333334 -0.12520395056174619
15.591666666666667 0.05100901646898662
15.6 0.14066122513873835
15.608333333333333 0.5935594727420765
15.616666666666667 0.8393301811275589
15.625 0.905796483690107
15.633333333333333 1.0310004342518533
15.641666666666666 1.2474023128794518
15.65 1.2489480553086914
15.658333333333333 1.3092314227039898
15.666666666666666 1.358694719776876
15.674999999999999 1.1732073787866923
15.683333333333334 1.1608415660350402
15.691666666666666 1.2303993189063591
15.7 0.879519104240994
15.708333333333332 0.8130528131950152
15.716666666666667 0.5703735551183037
15.725 0.5904680109167365
15.733333333333333 0.519364538649317
15.741666666666665 0.7682267088601393
15.75 0.8547874672211204
15.758333333333333 1.1685702090818209
15.766666666666667 1.2072134012825861
15.775 1.2226706758595782
15.783333333333333 1.165478747256481
15.791666666666666 1.2829540662880157
15.8 1.2041219509738155
15.808333333333334 1.1716616593905915
15.816666666666666 0.9598969504678644
15.825 0.9305281207099806
15.833333333333334 0.8934306594218856
15.841666666666667 0.7450407912363665
15.85 0.7388578791022556
15.858333333333333 0.7805925216117915
15.866666666666667 0.9707170438234158
15.875 1.0835551701169406
15.883333333333333 1.0990124562105021
15.891666666666666 1.0820094507208398
15.9 0.8748819230195534
15.908333333333333 0.8037784507521338
15.916666666666666 0.7790468022156908
15.924999999999999 0.7883211761751416
15.933333333333334 0.7388578791022556
15.941666666666666 0.712580511169712
15.95 0.6074710164063987
15.958333333333332 0.3802490329066793
15.966666666666667 0.29214254363302816
15.975 0.18703306038628428
15.983333333333333 0.12211248873640612
15.991666666666665 0.17775869794340285
16.0 0.20712751618471714
16.008333333333333 0.13602404391729764
16.016666666666666 0.10820094507208398
16.025 0.2844139121028168
16.033333333333335 0.6723915880562769
16.041666666666668 0.8161442635037859
16.05 1.0696436264526183
16.058333333333334 1.252039505617462
16.066666666666666 1.6539287252352441
16.075 1.918248181539628
16.083333333333332 2.0079003902093797
16.091666666666665 2.0202662144776014
16.1 1.9568913737403932
16.108333333333334 1.959982824049164
16.116666666666667 2.003263208987939
16.125 1.9120652694055174
16.133333333333333 1.7389437526835552
16.141666666666666 1.3556032694681053
16.15 1.061914994922407
16.15833333333333 0.8609703678386618
16.166666666666668 0.6337483843389423
16.175 0.23495062654650023
16.183333333333334 0.05255474738165666
16.191666666666666 -0.03091456067055374
16.2 0.013911555180891535
16.208333333333332 0.11747531903153481
16.216666666666665 -0.02627737944911303
16.224999999999998 0.14838986818551914
16.233333333333334 0.24113352716404157
16.241666666666667 0.35860884619557637
16.25 0.38179476381934935
16.258333333333333 0.6445684892110632
16.266666666666666 0.5255474507834278
16.275 0.6182911097619502
16.283333333333335 0.7017604062975912
16.291666666666668 0.7512237033704772
16.3 0.6955775056800498
16.308333333333334 0.8795191157575635
16.316666666666666 0.8006869889267937
16.325 0.7527694342831472
16.333333333333332 0.7465865221490364
16.341666666666665 0.5765564672524144
16.35 0.42043795602011447
16.358333333333334 0.7033061372102613
16.366666666666667 0.76977242825624
16.375 0.8269643683759068
16.383333333333333 0.687848862633269
16.391666666666666 0.6337483958555118
16.4 0.48226707736122193
16.40833333333333 0.5286389010921985
16.416666666666668 0.8223271756378967
16.425 0.8609703678386618
16.433333333333334 0.8269643683759068
16.441666666666666 0.9846285990043073
16.45 1.1515672035921587
16.458333333333332 1.273679692328565
16.466666666666665 1.4158866368634038
16.474999999999998 1.3664233513070874
16.483333333333334 1.411249455641963
16.491666666666667 1.4282524726481947
16.5 1.3386002524618736
16.508333333333333 1.3787891755753088
16.516666666666666 1.4406182853998468
16.525 1.1871189339675838
16.533333333333335 1.1453842914580479
16.541666666666668 1.1979390388397047
16.55 1.0433662470035054
16.558333333333334 1.0557320827882963
16.566666666666666 0.6785744886738182
16.575 0.5224560004746571
16.583333333333332 0.6708458571436068
16.591666666666665 0.8254186374632367
16.6 0.819235725329126
16.608333333333334 0.8037784392355644
16.616666666666667 0.5719192860309736
16.625 0.7883211761751416
16.633333333333333 1.0170888790709618
16.641666666666666 1.0851009010296104
16.65 1.4158866483799732
16.65833333333333 1.5148132310091758
16.666666666666668 1.7513095769517766
16.675 1.7435809454215654
16.683333333333334 1.8888793517817444
16.691666666666666 1.9553456428277232
16.7 1.69875482957012
16.708333333333332 1.3324173403277628
16.716666666666665 0.8764276539322233
16.724999999999998 0.711034780257042
16.733333333333334 0.5641906429841929
16.741666666666667 0.48690424706609325
16.75 0.46680979126766037
16.758333333333333 0.47144697248910106
16.766666666666666 0.5270931701795284
16.775 0.43280378028833594
16.783333333333335 0.2581365326537038
16.791666666666668 0.20249033496327642
16.8 0.22722198349971942
16.808333333333334 0.3941605880875708
16.816666666666666 0.44826105486532813
16.825 0.36633748924235715
16.833333333333332 0.5085444337771962
16.841666666666665 0.7635895161221292
16.85 0.8887934666838755
16.858333333333334 1.2164877522088982
16.866666666666667 1.3447831761125537
16.875 1.0279089724265131
16.883333333333333 0.8686990108854425
16.891666666666666 0.6893945820293697
16.9 0.626019752808731
16.90833333333333 0.5951051921381773
16.916666666666668 0.627565483721401
16.925 0.7311292475720442
16.933333333333334 0.6739373189689469
16.941666666666666 0.6832116698952589
16.95 0.6275654722048316
16.958333333333332 0.7728638900815801
16.966666666666665 0.5688278242056336
16.974999999999998 0.686303131720599
16.983333333333334 0.49308715920020396
16.991666666666667 0.4899957088914333
17.0 0.5858308296952958
17.008333333333333 0.661571483184156
17.016666666666666 0.5394589944477499
17.025 0.40498068144312227
17.033333333333335 0.5935594612255072
17.041666666666668 0.686303131720599
17.05 0.6832116698952589
17.058333333333334 0.8748819345361227
17.066666666666666 1.0665521646272782
17.075 1.0928295440763913
17.083333333333332 1.1082868186533834
17.091666666666665 1.0650064337146083
17.1 1.049549159137616
17.108333333333334 1.0062687741988408
17.116666666666667 1.1283812744518165
17.125 1.134564186585927
17.133333333333333 0.8161442750203554
17.141666666666666 0.7527694342831472
17.15 0.519364538649317
17.15833333333333 0.6430227582983932
17.166666666666668 0.6986689559888205
17.175 0.709489049344372
17.183333333333334 1.0093602475407504
17.191666666666666 1.204121939457246
17.2 1.5148132194926065
17.208333333333332 1.2458565934833512
17.216666666666665 1.1902103957929238
17.224999999999998 1.3154143463546701
17.233333333333334 1.2767711541539049
17.241666666666667 1.0619149834058377
17.25 0.8115070822823452
17.258333333333333 0.663117214096826
17.266666666666666 0.45444396699943884
17.275 0.46990125309300046
17.283333333333335 0.5580077308500822
17.291666666666668 0.8269643683759068
17.3 0.8795191157575635
17.308333333333334 0.8764276539322233
17.316666666666666 0.8841562854624347
17.325 0.9150708461329885
17.333333333333332 0.9691713129107458
17.341666666666665 0.8547874672211204
17.35 0.6986689559888205
17.358333333333334 0.7264920548340341
17.366666666666667 0.8717904727107827
17.375 0.9552597692464236
17.383333333333333 1.1268355550557156
17.391666666666666 0.8934306594218856
17.4 0.712580511169712
17.40833333333333 0.5471876374945307
17.416666666666668 0.6847574123244984
17.425 0.712580511169712
17.433333333333334 0.5549162690247421
17.441666666666666 0.7063975990356013
17.45 0.5951052036547466
17.458333333333332 0.6136539285405095
17.466666666666665 0.6801202311030576
17.474999999999998 0.6739373189689469
17.483333333333334 0.8316015495973474
17.491666666666667 0.709489049344372
17.5 0.8717904727107827
17.508333333333333 0.8331472689934482
17.516666666666666 1.0402747966947348
17.525 1.037183346385964
17.533333333333335 1.037183346385964
17.541666666666668 1.0093602475407504
17.55 1.2103048515913568
17.558333333333334 1.3123228960458995
17.566666666666666 1.287591235992887
17.575 1.1175611926128344
17.583333333333332 1.205667670369916
17.591666666666665 1.3308716094150927
17.6 1.2814083238587761
17.608333333333334 1.0139974287621911
17.616666666666667 0.9398024831528621
17.625 0.8099613628862445
17.633333333333333 1.0201803293797325
17.641666666666666 1.2953198790396678
17.65 1.4035208241117518
17.65833333333333 1.3834263683133188
17.666666666666668 1.3602404391729765
17.675 1.2133963019001275
17.683333333333334 1.2133963134166967
17.691666666666666 1.0650064337146083
17.7 1.1098325495660535
17.708333333333332 1.1392013793239373
17.716666666666665 1.119106912008935
17.724999999999998 1.0418205276074046
17.733333333333334 1.057277802184397
17.741666666666667 1.1221983738342751
17.75 1.097466725297832
17.758333333333333 1.3478746264213244
17.766666666666666 1.3215972469722115
17.775 0.9614426813805343
17.783333333333335 0.7620437967260286
17.791666666666668 0.7404035984983562
17.8 0.7604980658133585
17.808333333333334 0.845513104778239
17.816666666666666 1.0912838131637213
17.825 1.575096609921044
17.833333333333332 1.527179043760828
17.841666666666665 1.1886646533636844
17.85 0.843967373865569
17.858333333333334 0.8115070822823452
17.866666666666667 0.8733361921068833
17.875 0.9815371486955367
17.883333333333333 1.1407471102366074
17.891666666666666 1.3849720877094196
17.9 1.397337911977641
17.90833333333333 1.242765131658011
17.916666666666668 1.3494203573339945
17.925 1.6060111705915976
17.933333333333334 1.483898670338622
17.941666666666666 1.4282524726481947
17.95 1.1855732145714832
17.958333333333332 1.0279089724265131
17.966666666666665 0.7187634117872533
17.974999999999998 0.7419493409275958
17.983333333333334 0.8254186259466674
17.991666666666667 0.7033061487268306
18.0 0.8022327198394638
18.008333333333333 0.7635895161221292
18.016666666666666 1.2597681371476732
18.025 1.442164016312517
18.033333333333335 1.4112494671585325
18.041666666666668 1.5998282584574868
18.05 1.8177758679977554
18.058333333333334 1.7064834611003314
18.066666666666666 1.4174323792926433
18.075 1.3896092804474296
18.083333333333332 1.3061399723952192
18.091666666666665 1.5580936044313816
18.1 1.783769857018431
18.108333333333334 1.7528552963478774
18.116666666666667 1.8177758679977554
18.125 1.8208673298230955
18.133333333333333 1.6508372749264735
18.141666666666666 1.350966076730095
18.15 1.287591235992887
18.15833333333333 1.4838986588220526
18.166666666666668 1.4622584836275192
18.175 1.443709747225187
18.183333333333334 1.531816236498838
18.191666666666666 1.459167021802179
18.2 1.4730785769830705
18.208333333333332 1.397337911977641
18.216666666666665 1.5441820607670595
18.224999999999998 1.6400171700543527
18.233333333333334 1.745126664817666
18.241666666666667 1.564276505048923
18.25 1.2412194122619105
18.258333333333333 1.3092314227039898
18.266666666666666 0.8145985441076853
18.275 0.6940317747673798
18.283333333333335 0.6306569340301716
18.291666666666668 0.42971231846299585
18.3 0.4977243519382141
18.308333333333334 0.2550450823449331
18.316666666666666 0.08192357713954036
18.325 0.24113353868061096
18.333333333333332 0.3045083794178191
18.341666666666665 0.4389866809058773
18.35 0.3771575825979086
18.358333333333334 0.5286389010921985
18.366666666666667 0.6600257637880553
18.375 0.7017604178141605
18.383333333333333 0.7203091542164928
18.391666666666666 1.0279089724265131
18.4 1.1778445715247023
18.40833333333333 1.2767711541539049
18.416666666666668 1.1546586539009294
18.425 1.4468011975339576
18.433333333333334 1.5627307856528223
18.441666666666666 1.7652211321326683
18.45 1.553456423209941
18.458333333333332 1.8224130492191961
18.466666666666665 1.8842421590437342
18.474999999999998 1.961528554961834
18.483333333333334 1.8888793517817444
18.491666666666667 1.9120652694055174
18.5 1.8641477032453013
18.508333333333333 1.6848432859057978
18.516666666666666 1.3416917142872136
18.525 1.1902103842763545
18.533333333333335 1.2164877637254674
18.541666666666668 1.2690424995905547
18.55 1.2937741481269978
18.558333333333334 1.0912838131637213
18.566666666666666 0.9908114996218487
18.575 0.8810648351536641
18.583333333333332 1.1623872854311408
18.591666666666665 1.4761700388084107
18.6 1.5256333243647273
18.608333333333334 1.15465864238436
18.616666666666667 0.8686990108854425
18.625 0.8022327198394638
18.633333333333333 0.7063975875190319
18.641666666666666 0.7048518681229312
18.65 0.8547874557045511
18.65833333333333 0.5533705496286414
18.666666666666668 0.2797767308813761
18.675 0.31841992308214123
18.683333333333334 0.24886217021082235
18.691666666666666 0.8501502859996797
18.7 0.8130528131950152
18.708333333333332 1.1453842914580479
18.716666666666665 1.4931730327815036
18.724999999999998 1.8610562529365307
18.733333333333334 2.1006440607044716
18.741666666666667 2.2366681046217693
18.75 2.3031343841511784
18.758333333333333 2.3371404066470727
18.766666666666666 2.2505796482860916
18.775 2.1408329838179068
18.783333333333335 1.9290682748951795
18.791666666666668 2.0109918405181504
18.8 1.8285959728698764
18.808333333333334 2.01099185203472
18.816666666666666 1.7976814121993225
18.825 1.627651345786131
18.833333333333332 1.4545298405807383
18.841666666666665 1.3246887087975514
18.85 1.3463288955086543
18.858333333333334 1.375697725266538
18.866666666666667 1.4746243078957406
18.875 1.420523829601414
18.883333333333333 1.7250321975026637
18.891666666666666 1.7853155879311011
18.9 2.0650923188124772
18.90833333333333 2.369600686713727
18.916666666666668 2.674109066131546
18.925 2.6107342253943377
18.933333333333334 2.5489051040532305
18.941666666666666 2.0882782249196805
18.95 1.7868613188437712
18.958333333333332 1.533361967411508
18.966666666666665 1.1221983623177056
18.974999999999998 1.2226706758595782
18.983333333333334 1.1252898241430458
18.991666666666667 1.1221983623177056
19.0 0.953714049850323
19.008333333333333 1.057277802184397
19.016666666666666 0.9104336533949784
19.025 0.6708458571436068
19.033333333333335 0.711034780257042
19.041666666666668 0.8594246484425612
19.05 1.0464577088288454
19.058333333333334 1.049549159137616
19.066666666666666 0.8501502859996797
19.075 0.9227994776631998
19.083333333333332 1.012451697849521
19.091666666666665 0.990811511138418
19.1 0.9166165770456585
19.108333333333334 1.1871189339675838
19.116666666666667 1.435981104178406
19.125 1.2365822195239005
19.133333333333333 1.3710605440450974
19.141666666666666 1.037183346385964
19.15 0.9629884007766351
19.15833333333333 0.9892657802257481
19.166666666666668 0.867153291489342
19.175 0.9398024831528621
19.183333333333334 1.0232717912050724
19.191666666666666 1.3695148131324273
19.2 1.4560755714934084
19.208333333333332 1.939888368250731
19.216666666666665 2.156290258394899
19.224999999999998 2.1686560711465512
19.233333333333334 2.5427221919191196
19.241666666666667 2.275311285305965
19.25 2.0048089283840396
19.258333333333333 1.69875482957012
19.266666666666666 1.4777157582045113
19.275 1.0912838131637213
19.283333333333335 1.1252898241430458
19.291666666666668 0.8717904727107827
19.3 0.33696865948447347
19.308333333333334 0.24886218172739175
19.316666666666666 -0.09738085171653253
19.325 -0.12365821964907615
19.333333333333332 -0.4513525051740988
19.341666666666665 -0.23185916472116014
19.35 -0.23340489563383018
19.358333333333334 -0.29523400545836825
19.366666666666667 -0.08192357713954036
19.375 0.04328037342220583
19.383333333333333 0.5657363623802936
19.391666666666666 0.9707170438234158
19.4 1.1129239998748242
19.40833333333333 1.3772434446626387
19.416666666666668 1.660111637369355
19.425 1.6091026093837988
19.433333333333334 1.8425075165341984
19.441666666666666 2.1624731590124404
19.45 2.201116362729775
19.458333333333332 2.729755263821973
19.466666666666665 2.6571060491253142
19.474999999999998 2.7328467141307438
19.483333333333334 2.0589094066783664
19.491666666666667 1.7482181151264367
19.5 1.335508802153103
19.508333333333333 1.049549159137616
19.516666666666666 0.9274366704012099
19.525 1.0325461536479539
19.533333333333335 0.7883211646585723
19.541666666666668 0.5471876259779612
19.55 0.5688278242056336
19.558333333333334 0.6476599395198339
19.566666666666666 0.8285100877720074
19.575 0.8254186374632367
19.583333333333332 0.8918849285092155
19.591666666666665 0.905796483690107
19.6 1.196393296410465
19.608333333333334 1.4715328460704005
19.616666666666667 1.5658222474781625
19.625 1.636925719745582
19.633333333333333 2.2243022688369782
19.641666666666666 2.2243022688369782
19.65 2.106826961322013
19.65833333333333 2.060455126074467
19.666666666666668 1.5812795105385853
19.675 1.3927007307562003
19.683333333333334 1.4050665550244217
19.691666666666666 1.2334907576985603
19.7 1.3664233628236566
19.708333333333332 1.4498926593592976
19.716666666666665 1.6322885385241412
19.724999999999998 1.6276513573027005
19.733333333333334 1.575096609921044
19.741666666666667 1.4993559564321837
19.75 1.3664233628236566
19.758333333333333 1.3880635495347595
19.766666666666666 1.2103048515913568
19.775 1.0217260718089718
19.783333333333335 0.9722627747360858
19.791666666666668 1.074280807674059
19.8 1.231945049819029
19.808333333333334 1.6060111705915976
19.816666666666666 2.100644049187902
19.825 2.6215543187498893
19.833333333333332 2.7668527251100685
19.841666666666665 2.6215543187498893
19.85 2.188750526944984
19.858333333333334 1.8966079833119558
19.866666666666667 1.7698583133541088
19.875 1.4916273133854028
19.883333333333333 1.4761700272918412
19.891666666666666 1.3525118076427651
19.9 0.76977242825624
19.90833333333333 0.6090167473190687
19.916666666666668 1.1144697307874942
19.925 1.2752254117246655
19.933333333333334 1.5998282584574868
19.941666666666666 1.6786603622551177
19.95 1.627651345786131
19.958333333333332 1.219579214034238
19.966666666666665 1.31077715361666
19.974999999999998 1.4158866483799732
19.983333333333334 1.4344353847823055
19.991666666666667 1.959982824049164
20.0 2.1609274280997703
20.008333333333333 2.2536711101114313
20.016666666666666 1.6709317307249063
20.025 1.5596393353440516
20.033333333333335 1.3865178186220894
20.041666666666668 1.2814083238587761
20.05 1.0990124562105021
20.058333333333334 1.0186346099836316
20.066666666666666 0.7697724397728094
20.075 0.3601545771082464
20.083333333333332 0.251953620519593
20.091666666666665 0.4884499779787633
20.1 0.6538428516539446
20.108333333333334 0.7635895276386987
20.116666666666667 0.820781456241796
20.125 0.9104336649115478
20.133333333333333 0.9227994891797693
20.141666666666666 1.2690425111071242
20.15 1.565822235961593
20.15833333333333 1.8502361595809793
20.166666666666668 1.5936453463233762
20.175 1.6060111705915976
20.183333333333334 1.6214684451685897
20.191666666666666 1.3617861816022159
20.2 1.095920994385162
20.208333333333332 0.9923572305345187
20.216666666666665 1.2427651431745805
20.224999999999998 1.4792614891171814
20.233333333333334 1.442164016312517
20.241666666666667 1.2721339614158949
20.25 0.8686990108854425
20.258333333333333 1.1005581871231722
20.266666666666666 1.1762988406120323
20.275 1.4560755714934084
20.283333333333335 1.5086303188750652
20.291666666666668 2.0063546592967096
20.3 1.7621296703073281
20.308333333333334 1.8115929558636448
20.316666666666666 1.7559467581732173
20.325 2.0449978514974747
20.333333333333332 2.001717478075269
20.341666666666665 1.6462000821884633
20.35 1.2597681371476732
20.358333333333334 0.9104336649115478
20.366666666666667 0.6229283024999603
20.375 0.32151138490748127
20.383333333333333 0.1638471427625113
20.391666666666666 0.13447831300462762
20.4 0.18548734099018363
20.40833333333333 0.578102186648515
20.416666666666668 1.338600263978443
20.425 1.6183769833432498
20.433333333333334 1.8672391650706415
20.441666666666666 1.8409617856215283
20.45 1.5797337911424845
20.458333333333332 1.3880635495347595
20.466666666666665 0.8903392091131149
20.474999999999998 0.7357664172769156
20.483333333333334 0.7203091542164928
20.491666666666667 0.5672820932929635
20.5 0.5610991811588528
20.508333333333333 0.07883211531420029
20.516666666666666 -0.22722198349971942
20.525 -0.11747531903153481
20.533333333333335 -0.03400601097932441
20.541666666666668 0.4266208681542252
20.55 0.5008158022469847
20.558333333333334 0.3848862256446894
20.566666666666666 0.7218548736125935
20.575 1.1639330163438109
20.583333333333332 1.2875912475094564
20.591666666666665 1.2999570602611086
20.6 1.6941176483486793
20.608333333333334 1.5843709723639252
20.616666666666667 1.422069560514084
20.625 1.3447831761125537
20.633333333333333 1.3215972584887807
20.641666666666666 1.2953198790396678
20.65 0.9181623079583285
20.65833333333333 0.9011592909520969
20.666666666666668 0.7496779724578071
20.675 0.8656075605766719
20.683333333333334 0.8779733848448934
20.691666666666666 0.9135251267368878
20.7 0.8269643683759068
20.708333333333332 0.7234006045252634
20.716666666666665 0.9815371486955367
20.724999999999998 1.0016316044939695
20.733333333333334 1.4189781102053134
20.741666666666667 1.313868615442
20.75 0.8980678406433262
20.758333333333333 0.7203091426999234
20.766666666666666 0.6816659504991583
20.775 0.44207814273121737
20.783333333333335 0.2720480878345953
20.791666666666668 0.017003005489662205
20.8 0.1839416100775136
20.808333333333334 0.24113353868061096
20.816666666666666 0.5549162805413115
20.825 0.8918849285092155
20.833333333333332 1.0000858735812994
20.841666666666665 1.0139974172456216
20.85 1.3633319009983167
20.858333333333334 1.3633319009983167
20.866666666666667 1.6678402804161356
20.875 1.505538857049725
20.883333333333333 1.2922284287308972
20.891666666666666 1.3154143463546701
20.9 1.1314727362771564
20.90833333333333 1.0727350882779585
20.916666666666668 1.0990124562105021
20.925 1.5039931376536244
20.933333333333334 1.5890081651019354
20.941666666666666 1.6106483518130383
20.95 1.6477458131011333
20.958333333333332 1.981623022276836
20.966666666666665 1.9321597252039502
20.974999999999998 1.8873336208690743
20.983333333333334 2.066638038208578
20.991666666666667 2.374237879451737
21.0 2.361872043666946
21.008333333333333 1.9630742858745038
21.016666666666666 1.830141692265977
21.025 1.975440098626156
21.033333333333335 1.9862602034982768
21.041666666666668 1.745126664817666
21.058333333333334 1.3324173403277628
21.066666666666666 1.0541863518756263
21.075 1.1376556484112672
21.083333333333332 0.9459854068035423
21.091666666666665 0.9181622964417592
21.1 0.45908115973744895
21.108333333333334 -0.11592957660229537
21.116666666666667 0.1174753075149654
21.125 0.017003005489662205
21.133333333333333 0.45444396699943884
21.141666666666666 0.3307857473503627
21.15 0.6863031432371685
21.15833333333333 0.9969944232725289
21.166666666666668 1.2303993073897896
21.175 1.2551309559262327
21.183333333333334 1.1855732145714832
21.191666666666666 1.4560755714934084
21.2 1.08046371980817
21.208333333333332 0.6383855770769524
21.216666666666665 0.5765564672524144
21.224999999999998 0.4606268791335496
21.233333333333334 0.4219836869327845
21.241666666666667 0.3987977693090115
21.25 0.8053241701482344
21.258333333333333 0.8022327198394638
21.266666666666666 0.5363675441389792
21.275 0.8238729065505667
21.283333333333335 1.0294547033391832
21.291666666666668 0.8145985441076853
21.3 0.8145985441076853
21.308333333333334 1.009360236024181
21.316666666666666 0.8377844617314583
21.325 0.7991412695306931
21.333333333333332 0.7821382525244615
21.341666666666665 0.6229282909833909
21.35 0.5193645271327476
21.358333333333334 0.5147273574278763
21.366666666666667 0.49154143980410336
21.375 0.5549162690247421
21.383333333333333 0.27359381874726535
21.391666666666666 0.3802490329066793
21.4 0.33851437888057406
21.40833333333333 0.6151996479366101
21.416666666666668 0.7883211761751416
21.425 0.7883211761751416
21.433333333333334 0.6059252854937287
21.441666666666666 0.49154143980410336
21.45 0.4838127967573226
21.458333333333332 0.7187634233038228
21.466666666666665 0.6832116814118283
21.474999999999998 0.9428939449782021
21.491666666666667 1.1963933079270346
21.5 1.0990124446939327
21.508333333333333 1.0912838131637213
21.516666666666666 1.712666373234442
21.525 1.7497638460391067
21.533333333333335 1.9197939009357288
21.541666666666668 2.111464154060023
21.558333333333334 1.4158866483799732
21.566666666666666 1.7884070382398718
21.575 1.590553884498036
21.583333333333332 1.3246887087975514
21.591666666666665 0.9768999559575265
21.6 1.0851009010296104
21.608333333333334 0.9336195825353207
21.616666666666667 1.0464577088288454
21.625 0.7635895161221292
21.633333333333333 0.4652640603549903
21.641666666666666 0.5394589944477499
21.65 0.5935594727420765
21.65833333333333 0.650751401345174
21.666666666666668 1.1268355435391464
21.675 1.3463288955086543
21.683333333333334 1.6786603737716872
21.691666666666666 1.6214684451685897
21.7 1.6786603737716872
21.708333333333332 1.338600263978443
21.716666666666665 1.0928295440763913
21.724999999999998 1.2350365001277996
21.733333333333334 1.2226706643430088
21.741666666666667 1.0912838131637213
21.75 0.9830828680916373
21.758333333333333 1.2860455165967863
21.766666666666666 1.2644053298856834
21.775 1.5256333128481578
21.783333333333335 1.8115929558636448
21.791666666666668 1.4344353847823055
21.8 1.3865178186220894
21.808333333333334 1.5410905989417194
21.816666666666666 1.8131386867763148
21.825 1.7729497636628795
21.833333333333332 1.6245598954773603
21.841666666666665 1.9955345659411583
21.85 1.8255045110445363
21.858333333333334 1.4081580168497618
21.866666666666667 1.6415629009670227
21.875 1.5163589504052764
21.883333333333333 1.4251610108228547
21.891666666666666 1.5395448680290493
21.9 1.5967367966321468
21.90833333333333 1.7358523023747845
21.916666666666668 1.8687848959833115
21.925 1.4854444012512922
21.933333333333334 1.4313439344735348
21.941666666666666 1.1562043848135994
21.95 1.142292829632708
21.958333333333332 1.3107771651332294
21.966666666666665 1.5951910657194768
21.974999999999998 1.4236152799101847
21.983333333333334 1.1361099174985971
21.991666666666667 1.1098325495660535
22.0 0.6213825600707209
22.008333333333333 0.5348218132263092
22.016666666666666 0.4683555221803304
22.025 0.5456419065818606
22.041666666666668 0.15920996154107062
22.05 0.0015457309126700389
22.058333333333334 0.2179476095402686
22.066666666666666 0.4575354173082095
22.083333333333332 1.1268355550557156
22.091666666666665 0.9598969504678644
22.1 0.9892657802257481
22.108333333333334 1.227307857081019
22.116666666666667 1.783769857018431
22.125 1.9955345659411583
22.133333333333333 2.1145555928522244
22.141666666666666 1.615285533034479
22.15 0.8996135715559963
22.15833333333333 0.6785745001903877
22.166666666666668 0.6708458571436068
22.175 0.7048518681229312
22.183333333333334 1.0232717912050724
22.191666666666666 1.1948475770143645
22.2 1.6091026209003683
22.208333333333332 1.4529841211846377
22.216666666666665 1.0680978955399483
22.224999999999998 1.2752254232412348
22.233333333333334 1.590553884498036
22.241666666666667 1.4916273133854028
22.25 1.3849720992259889
22.258333333333333 1.335508802153103
22.266666666666666 1.0773722579828298
22.275 1.2334907692151298
22.283333333333335 1.5689136977869331
22.291666666666668 1.3138686039254306
22.3 1.2412194122619105
22.308333333333334 1.4004293622864117
22.316666666666666 1.4267067417355248
22.325 1.5781880717463839
22.333333333333332 1.6678402688995662
22.341666666666665 1.1840274721422437
22.35 1.1762988406120323
22.358333333333334 1.2242163952556788
22.366666666666667 1.0881923628549506
22.375 0.9506225880249829
22.383333333333333 0.8006869889267937
22.391666666666666 0.7125804996531426
22.4 0.3910691262622307
22.40833333333333 0.1051094832467439
22.416666666666668 0.29214254363302816
22.425 0.13756977482996768
22.433333333333334 -0.08037784622687032
22.441666666666666 0.6105624782317388
22.45 0.7450407912363665
22.458333333333332 0.5301846204882991
22.466666666666665 0.409617862664563
22.474999999999998 0.13293259360852697
22.483333333333334 0.5147273459113069
22.491666666666667 0.8377844617314583
22.5 1.2474023128794518
22.508333333333333 1.3200515275761107
22.516666666666666 1.6183769833432498
22.525 1.9955345659411583
22.533333333333335 1.9553456428277232
22.541666666666668 1.8734220772047523
22.55 1.6199227142559198
22.558333333333334 0.9537140383337536
22.566666666666666 1.3308716209316622
22.575 1.1407470987200379
22.583333333333332 1.227307857081019
22.591666666666665 0.9382567637567615
22.6 1.4978102140029441
22.608333333333334 1.398883642890311
22.616666666666667 1.6013739778535874
22.625 1.7250321975026637
22.633333333333333 1.6802060931677878
22.641666666666666 1.6214684336520204
22.65 1.592099615410706
22.65833333333333 1.0449119894327448
22.675 0.7481322415451371
22.683333333333334 1.0294547033391832
22.808333333333334 1.3324173403277628
22.816666666666666 1.2072134012825861
22.841666666666665 1.8548733408024198
22.90833333333333 1.2582224177515726
22.916666666666668 1.3246887087975514
22.925 1.720395016281223
22.941666666666666 0.4065264008392229
22.95 -0.7651352470347993
22.958333333333332 -0.3895233953495607
22.966666666666665 0.9119793843076484
22.974999999999998 1.6168312524305797
22.983333333333334 0.7929583573965824
22.991666666666667 0.42352940632888514
23.0 0.4312580493756659
23.008333333333333 0.4776298846232118
23.025 2.8735079507860517
23.033333333333335 3.2568484340015016
23.041666666666668 3.1579218628888683
23.05 1.6802060931677878
23.066666666666666 0.9614426813805343
23.083333333333332 0.6445684892110632
23.091666666666665 -0.2380420768552709
23.1 0.009274373959450827
23.108333333333334 -0.3307857473503627
23.116666666666667 -0.4235294178454545
23.125 -0.7357664172769156
23.133333333333333 -0.5069987143810956
23.141666666666666 0.579647917561185
23.15 1.2767711541539049
23.166666666666668 1.4236152914267541
23.175 0.830055807168108
23.183333333333334 0.30759981821002036
23.191666666666666 -0.020094455798432876
23.2 0.33233146674646336
23.208333333333332 0.7574066155045879
23.224999999999998 0.7744096094776807
23.233333333333334 0.9784456868701966
23.241666666666667 0.7311292360554749
23.258333333333333 -0.3848862256446894
23.266666666666666 -0.38952340686613013
23.275 -0.3725204013764679
23.283333333333335 -0.9459854068035423
23.291666666666668 -0.711034780257042
23.3 -0.6909403129420397
23.308333333333334 -0.07264920318008954
23.325 2.0542722254569257
23.341666666666665 2.307771565372619
23.35 1.8502361480644098
23.366666666666667 0.8068699010609045
23.375 0.49463289011287404
23.383333333333333 0.11438385720619473
23.391666666666666 0.08965220866975174
23.4 0.16075568093717124
23.40833333333333 0.024731637019873586
23.416666666666668 0.1422069560514084
23.425 1.1902103842763545
23.433333333333334 1.0433662470035054
23.441666666666666 0.6723915765397075
23.458333333333332 0.5688278126890642
23.466666666666665 0.23185917623772956
23.474999999999998 -0.2040360773925159
23.483333333333334 -0.010820093355551457
23.491666666666667 -0.5580077308500822
23.5 -0.661571483184156
23.508333333333333 0.22876771441238947
23.516666666666666 0.6677543953182667
23.525 1.2257621376849184
23.558333333333334 1.3277801706228916
23.566666666666666 -0.2967797248544689
23.575 -0.8269643683759068
23.583333333333332 -0.8671532799727725
23.591666666666665 0.10665522567598336
23.6 0.5750107363397443
23.633333333333333 1.0433662585200747
23.641666666666666 1.2242163952556788
23.65 0.5193645271327476
23.65833333333333 0.5255474507834278
23.666666666666668 0.22413052167437936
23.691666666666666 -1.1917561267055938
23.716666666666665 1.0557320827882963
23.724999999999998 1.8162301370850855
23.733333333333334 2.00635464778014
23.741666666666667 1.6724774616375764
23.75 1.6709317307249063
23.766666666666666 1.219579214034238
23.791666666666668 -1.5225418625393872
23.8 -0.7434950718402658
23.808333333333334 0.007728643046780787
23.816666666666666 0.5920137303128371
23.825 1.1361099174985971
23.858333333333334 1.7420352145088953
23.866666666666667 1.0773722694993992
23.875 0.5657363738968629
23.883333333333333 0.1638471427625113
23.891666666666666 0.2643194447878145
23.9 0.27359380723069593
23.90833333333333 -0.5440961756691906
23.916666666666668 -1.54263631833782
23.925 -1.3556032694681053
23.933333333333334 -0.843967373865569
23.941666666666666 -0.36633748924235715
23.95 0.2426792580767116
23.958333333333332 0.6677544068348361
23.966666666666665 0.626019752808731
23.974999999999998 0.9320738516226507
