01 0.0 -19.018304486461346 47.229213613763854 1552.9677982106805 42.29005766843272 53.03026472816749 25551441.087785296
01 0.08333333333333333 -19.018304486461346 47.229213613763854 1552.9677982106805 28.540294565262954 -14.276628731003076 18377581.03812501
01 0.16666666666666666 -19.018304486461346 47.229213613763854 1552.9677982106805 79.73815433367562 45.63907237894717 31969573.110905264
01 0.25 -19.018304486461346 47.229213613763854 1552.9677982106805 38.27625455658644 14.540899708428453 16340036.24398036
01 0.3333333333333333 -19.018304486461346 47.229213613763854 1552.9677982106805 42.12298127132051 53.00000490550937 25583055.44283918
01 0.4166666666666667 -19.018304486461346 47.229213613763854 1552.9677982106805 28.537220981377004 -14.417693842319025 18329287.433371417
01 0.5 -19.018304486461346 47.229213613763854 1552.9677982106805 79.7933712568861 45.68969130063349 31978614.332920972
01 0.5833333333333334 -19.018304486461346 47.229213613763854 1552.9677982106805 38.2752963117888 14.384091538046693 16334389.474587053
01 0.6666666666666666 -19.018304486461346 47.229213613763854 1552.9677982106805 41.956394316138514 52.96966756301062 25614308.20203352
01 0.75 -19.018304486461346 47.229213613763854 1552.9677982106805 28.53473571722164 -14.559820355945256 18281064.58717583
01 0.8333333333333334 -19.018304486461346 47.229213613763854 1552.9677982106805 79.84818032449996 45.74035066958874 31987344.59510104
01 0.9166666666666666 -19.018304486461346 47.229213613763854 1552.9677982106805 38.27425057308421 14.22666406838462 16329038.472815285
01 1.0 -19.018304486461346 47.229213613763854 1552.9677982106805 41.79028933513767 52.93925457200576 25645198.203944415
01 1.0833333333333333 -19.018304486461346 47.229213613763854 1552.9677982106805 28.532842401413514 -14.703011967193268 18232916.07697728
01 1.1666666666666667 -19.018304486461346 47.229213613763854 1552.9677982106805 79.90258330029086 45.791050970634586 31995763.1039328
01 1.25 -19.018304486461346 47.229213613763854 1552.9677982106805 38.273115867799085 14.068624827347433 16323984.590798378
01 1.3333333333333333 -19.018304486461346 47.229213613763854 1552.9677982106805 41.62465894191594 52.90876782028781 25675724.295697387
01 1.4166666666666667 -19.018304486461346 47.229213613763854 1552.9677982106805 28.531544743551862 -14.847272403809539 18184845.494726308
01 1.5 -19.018304486461346 47.229213613763854 1552.9677982106805 79.95658196408695 45.84179258416873 32003869.053861227
01 1.5833333333333335 -19.018304486461346 47.229213613763854 1552.9677982106805 38.27189064840127 13.909981472877144 16319229.146804128
01 1.6666666666666665 -19.018304486461346 47.229213613763854 1552.9677982106805 41.459495803523765 13.41762138175489 13535585.651378559
01 1.75 -19.018304486461346 47.229213613763854 1552.9677982106805 39.14673849127448 18.964464646759033 28468012.38273749
01 1.8333333333333335 -19.018304486461346 47.229213613763854 1552.9677982106805 143.7840477502151 73.4235697776144 21108349.96968644
01 1.9166666666666665 -19.018304486461346 47.229213613763854 1552.9677982106805 32.14329081991685 22.794287613282563 28902702.930566348
01 2.0 -19.018304486461346 47.229213613763854 1552.9677982106805 69.72878977084355 39.546805043473675 13766656.436321154
01 2.0833333333333335 -19.018304486461346 47.229213613763854 1552.9677982106805 79.664072054674 38.6360324858486 26891409.706895456
01 2.1666666666666665 -19.018304486461346 47.229213613763854 1552.9677982106805 -29.48626390541327 19.63216439318609 7379311.092580966
01 2.25 -19.018304486461346 47.229213613763854 1552.9677982106805 46.34415463869557 24.457499432106907 35483403.64831774
01 2.3333333333333335 -19.018304486461346 47.229213613763854 1552.9677982106805 21.285988828473812 45.01718038922841 14349369.614457987
01 2.4166666666666665 -19.018304486461346 47.229213613763854 1552.9677982106805 20.25217466574492 61.99695363364304 22626180.096064568
01 2.5 -19.018304486461346 47.229213613763854 1552.9677982106805 28.53126299739865 -15.286502202038859 18041137.551403977
01 2.5833333333333335 -19.018304486461346 47.229213613763854 1552.9677982106805 80.116169903923 45.994269703186326 32026303.89676287
01 2.6666666666666665 -19.018304486461346 47.229213613763854 1552.9677982106805 38.2676572504014 13.43050409970319 16306766.419046104
01 2.75 -19.018304486461346 47.229213613763854 1552.9677982106805 40.96673662185716 13.795906733644705 13664661.958150338
01 2.8333333333333335 -19.018304486461346 47.229213613763854 1552.9677982106805 38.88022268559983 18.864772450551396 28369411.251816828
01 2.9166666666666665 -19.018304486461346 47.229213613763854 1552.9677982106805 144.8842569727884 73.25910337989866 21084989.263764128
01 3.0 -19.018304486461346 47.229213613763854 1552.9677982106805 32.10280204481553 22.767886318017148 28991003.749278516
01 3.0833333333333335 -19.018304486461346 47.229213613763854 1552.9677982106805 70.60231928963012 39.21458182183111 13807950.989353612
01 3.1666666666666665 -19.018304486461346 47.229213613763854 1552.9677982106805 79.33554662823732 38.34061287711293 26840074.44620701
01 3.25 -19.018304486461346 47.229213613763854 1552.9677982106805 -30.236762208181265 19.314603364322004 7347322.4936614195
01 3.3333333333333335 -19.018304486461346 47.229213613763854 1552.9677982106805 46.483174281827566 24.474622330691915 35522593.68547333
01 3.4166666666666665 -19.018304486461346 47.229213613763854 1552.9677982106805 20.57077001225214 45.46252189846594 14442426.061158683
01 3.5 -19.018304486461346 47.229213613763854 1552.9677982106805 20.975517224681315 62.03926963526271 22656801.00734556
01 3.5833333333333335 -19.018304486461346 47.229213613763854 1552.9677982106805 28.53647761858674 -15.735476432033408 17898262.367460575
01 3.6666666666666665 -19.018304486461346 47.229213613763854 1552.9677982106805 80.27218331180364 46.14713384850475 32045898.664823666
01 3.75 -19.018304486461346 47.229213613763854 1552.9677982106805 38.26255652721409 12.945872021260566 16297035.2351501
01 3.8333333333333335 -19.018304486461346 47.229213613763854 1552.9677982106805 40.47792015496657 14.174794151683038 13793458.998676017
01 3.9166666666666665 -19.018304486461346 47.229213613763854 1552.9677982106805 38.61308774311149 18.76834812450312 28268569.668863945
01 4.0 -19.018304486461346 47.229213613763854 1552.9677982106805 145.96291407126364 73.0823809154109 21060537.413827498
01 4.083333333333333 -19.018304486461346 47.229213613763854 1552.9677982106805 32.0664689001048 22.743193014486497 29078719.57559683
01 4.166666666666667 -19.018304486461346 47.229213613763854 1552.9677982106805 71.4667219058036 38.87694809121675 13849416.472620122
01 4.25 -19.018304486461346 47.229213613763854 1552.9677982106805 79.00401551267068 38.043513905014926 26786900.246319868
01 4.333333333333333 -19.018304486461346 47.229213613763854 1552.9677982106805 -30.990780653445583 18.99560839073701 7320334.1455260785
01 4.416666666666667 -19.018304486461346 47.229213613763854 1552.9677982106805 46.62310331105381 24.495294940571828 35559422.9364511
01 4.5 -19.018304486461346 47.229213613763854 1552.9677982106805 19.844347902580083 45.89510916174029 14536879.081294488
01 4.583333333333333 -19.018304486461346 47.229213613763854 1552.9677982106805 21.708770394718496 62.077388987766966 22685055.03756917
01 4.666666666666667 -19.018304486461346 47.229213613763854 1552.9677982106805 28.547292977143545 -16.194281589947806 17756320.455240864
01 4.75 -19.018304486461346 47.229213613763854 1552.9677982106805 80.42467068303398 46.300395855913884 32062634.31961986
01 4.833333333333333 -19.018304486461346 47.229213613763854 1552.9677982106805 38.256549779537835 12.456304227751286 16290067.706077192
01 4.916666666666667 -19.018304486461346 47.229213613763854 1552.9677982106805 39.99285208433032 14.55428279236826 13921946.836916614
01 5.0 -19.018304486461346 47.229213613763854 1552.9677982106805 38.34530115963294 18.675197659224295 28165500.301216237
01 5.083333333333333 -19.018304486461346 47.229213613763854 1552.9677982106805 147.0189550275494 72.89358821837385 21035027.025158506
01 5.166666666666667 -19.018304486461346 47.229213613763854 1552.9677982106805 32.0342675145748 22.72017154085137 29165809.61108292
01 5.25 -19.018304486461346 47.229213613763854 1552.9677982106805 72.32206864886092 38.533997423402354 13891034.087393438
01 5.333333333333333 -19.018304486461346 47.229213613763854 1552.9677982106805 78.66946277850815 37.744692009839774 26731941.915372044
01 5.416666666666667 -19.018304486461346 47.229213613763854 1552.9677982106805 -31.7476089982193 18.67543470943411 7298366.419612875
01 5.5 -19.018304486461346 47.229213613763854 1552.9677982106805 46.76393398205979 24.51950352152832 35593886.620187566
01 5.583333333333333 -19.018304486461346 47.229213613763854 1552.9677982106805 19.107007180974282 46.31486639658799 14632666.11165151
01 5.666666666666667 -19.018304486461346 47.229213613763854 1552.9677982106805 22.451887123441775 62.11122167611884 22710968.620455604
01 5.75 -19.018304486461346 47.229213613763854 1552.9677982106805 28.563816043776875 -16.662996931641132 17615413.95979832
01 5.833333333333333 -19.018304486461346 47.229213613763854 1552.9677982106805 80.57368072162556 46.454066192166835 32076493.032093626
01 5.916666666666667 -19.018304486461346 47.229213613763854 1552.9677982106805 38.249599171358476 11.962025811505322 16285893.94889999
01 6.0 -19.018304486461346 47.229213613763854 1552.9677982106805 39.511340212201 14.934371158203028 14050097.340179138
01 6.083333333333333 -19.018304486461346 47.229213613763854 1552.9677982106805 38.07683024393502 18.58532679789631 28060216.828167416
01 6.166666666666667 -19.018304486461346 47.229213613763854 1552.9677982106805 148.0514696878542 72.69291954254885 21008492.27109227
01 6.25 -19.018304486461346 47.229213613763854 1552.9677982106805 32.006173605477926 22.698785327608608 29252233.60279255
01 6.333333333333333 -19.018304486461346 47.229213613763854 1552.9677982106805 73.16843685667945 38.185820710233514 13932786.101620218
01 6.416666666666667 -19.018304486461346 47.229213613763854 1552.9677982106805 78.33187409146835 37.4441043051505 26675255.48690582
01 6.5 -19.018304486461346 47.229213613763854 1552.9677982106805 -32.50652883654446 18.354347967645342 7281433.883977253
01 6.583333333333333 -19.018304486461346 47.229213613763854 1552.9677982106805 46.90565875707182 24.54723434854426 35625980.89909533
01 6.666666666666667 -19.018304486461346 47.229213613763854 1552.9677982106805 18.35905378033459 46.72172966416785 14729724.746513933
01 6.75 -19.018304486461346 47.229213613763854 1552.9677982106805 23.20480848831111 62.140674381737355 22734569.90912758
01 6.833333333333333 -19.018304486461346 47.229213613763854 1552.9677982106805 28.586156430390425 -17.141693771643023 17475646.658371516
01 6.916666666666667 -19.018304486461346 47.229213613763854 1552.9677982106805 80.71926251456419 46.608154985506566 32087458.107692033
01 7.0 -19.018304486461346 47.229213613763854 1552.9677982106805 38.24166779825133 11.463267507420497 16284541.99902924
01 7.083333333333333 -19.018304486461346 47.229213613763854 1552.9677982106805 39.03319465900323 15.315056934491299 14177884.0780951
01 7.166666666666667 -19.018304486461346 47.229213613763854 1552.9677982106805 37.80764208167806 18.49874106990001 27952733.972683113
01 7.25 -19.018304486461346 47.229213613763854 1552.9677982106805 149.05969900541976 72.48057605799856 20980968.859282557
01 7.333333333333333 -19.018304486461346 47.229213613763854 1552.9677982106805 31.982162428715625 22.678997443776275 29337951.849471543
01 7.416666666666667 -19.018304486461346 47.229213613763854 1552.9677982106805 74.00590977545976 37.83250627101375 13974655.856548818
01 7.5 -19.018304486461346 47.229213613763854 1552.9677982106805 77.99123672188355 37.14170855611662 26616898.245549463
01 7.583333333333333 -19.018304486461346 47.229213613763854 1552.9677982106805 -33.26681656756267 18.032622949503466 7269545.140175049
01 7.666666666666667 -19.018304486461346 47.229213613763854 1552.9677982106805 47.04827027461017 24.57847381480161 35655702.866670676
01 7.75 -19.018304486461346 47.229213613763854 1552.9677982106805 17.60081471612822 47.115647089848835 14827992.79272912
01 7.833333333333333 -19.018304486461346 47.229213613763854 1552.9677982106805 23.967462979919492 62.16565059422149 22755888.80898244
01 7.916666666666667 -19.018304486461346 47.229213613763854 1552.9677982106805 28.6144265420247 -17.630434743195043 17337123.820128553
01 8.0 -19.018304486461346 47.229213613763854 1552.9677982106805 80.86146531525449 46.76267199697766 32095514.046053622
01 8.083333333333334 -19.018304486461346 47.229213613763854 1552.9677982106805 38.23271970079932 10.960265453532502 16286037.756005127
01 8.166666666666666 -19.018304486461346 47.229213613763854 1552.9677982106805 38.55822781320454 15.696337013124044 14305282.369460259
01 8.25 -19.018304486461346 47.229213613763854 1552.9677982106805 37.537703530217435 18.415445742959687 27843067.424309894
01 8.333333333333334 -19.018304486461346 47.229213613763854 1552.9677982106805 150.04302976606306 72.25676428388932 20952493.964537963
01 8.416666666666666 -19.018304486461346 47.229213613763854 1552.9677982106805 31.962208834999302 22.660770602751615 29422925.213170156
01 8.5 -19.018304486461346 47.229213613763854 1552.9677982106805 74.83457584564918 37.47413978620648 14016627.758317403
01 8.583333333333334 -19.018304486461346 47.229213613763854 1552.9677982106805 77.64753945917575 36.83746327670194 26556928.648948997
01 8.666666666666666 -19.018304486461346 47.229213613763854 1552.9677982106805 -34.027746853866205 17.710541868762284 7262702.7537252465
01 8.75 -19.018304486461346 47.229213613763854 1552.9677982106805 47.19176135759655 24.613208397906952 35683050.583751515
01 8.833333333333334 -19.018304486461346 47.229213613763854 1552.9677982106805 16.832638018174077 47.49657868896807 14927408.292129342
01 8.916666666666666 -19.018304486461346 47.229213613763854 1552.9677982106805 24.739766010281635 62.18605083629597 22774956.96031069
01 9.0 -19.018304486461346 47.229213613763854 1552.9677982106805 28.64874153314032 -18.129273131326197 17199952.13117767
01 9.083333333333334 -19.018304486461346 47.229213613763854 1552.9677982106805 81.00033876009816 46.917626686393014 32100646.45756119
01 9.166666666666666 -19.018304486461346 47.229213613763854 1552.9677982106805 38.222719831120585 10.45326052175586 16290404.872993458
01 9.25 -19.018304486461346 47.229213613763854 1552.9677982106805 38.08625437494267 16.0782071778316 14432269.203966212
01 9.333333333333334 -19.018304486461346 47.229213613763854 1552.9677982106805 37.266981258098994 18.335445869880388 27731233.935206912
01 9.416666666666666 -19.018304486461346 47.229213613763854 1552.9677982106805 151.00098862798544 72.02169490124419 20923106.231846564
01 9.5 -19.018304486461346 47.229213613763854 1552.9677982106805 31.946287323782837 22.64406719673465 29507115.137949657
01 9.583333333333334 -19.018304486461346 47.229213613763854 1552.9677982106805 75.65452820910582 37.11080432515529 14058687.34677538
01 9.666666666666666 -19.018304486461346 47.229213613763854 1552.9677982106805 77.30077281104592 36.53132779515008 26495406.339974355
01 9.75 -19.018304486461346 47.229213613763854 1552.9677982106805 -34.788595581745305 17.38839304383709 7260903.186383244
01 9.833333333333334 -19.018304486461346 47.229213613763854 1552.9677982106805 47.3361250373514 24.651424647927076 35708023.005985364
01 9.916666666666666 -19.018304486461346 47.229213613763854 1552.9677982106805 16.054892091587703 47.86449642526952 15027909.580927318
01 0.0 -19.018304486461346 47.229213613763854 1552.9677982106805 25.52161968720014 62.201772752053536 22791807.72661426
01 0.08333333333333333 -19.018304486461346 47.229213613763854 1552.9677982106805 28.689219523138366 -18.638252205479155 17064239.613264415
01 0.16666666666666666 -19.018304486461346 47.229213613763854 1552.9677982106805 78.3268514642337 52.41143638409107 26339759.445491683
01 0.25 -19.018304486461346 47.229213613763854 1552.9677982106805 31.937900278918804 22.633759209467524 29562787.73045481
01 0.3333333333333333 -19.018304486461346 47.229213613763854 1552.9677982106805 76.19637009946277 36.86586000010231 14086769.150564505
01 0.4166666666666667 -19.018304486461346 47.229213613763854 1552.9677982106805 77.06788589335359 36.3261677076001 26453558.804454993
01 0.5 -19.018304486461346 47.229213613763854 1552.9677982106805 -35.29542729570315 17.173733771551703 7262500.49629726
01 0.5833333333333334 -19.018304486461346 47.229213613763854 1552.9677982106805 52.88670013100851 40.99313735492162 36610972.46081381
01 0.6666666666666666 -19.018304486461346 47.229213613763854 1552.9677982106805 38.20769194254683 9.771452030918912 16300730.751487197
01 0.75 -19.018304486461346 47.229213613763854 1552.9677982106805 37.46129679185292 16.588276208212314 14600908.259097617
01 0.8333333333333334 -19.018304486461346 47.229213613763854 1552.9677982106805 36.904740987208676 18.233913898301925 27578782.57634152
01 0.9166666666666666 -19.018304486461346 47.229213613763854 1552.9677982106805 152.23822835721072 66.43941138322592 15043274.95375644
01 1.0 -19.018304486461346 47.229213613763854 1552.9677982106805 47.48135447580283 24.693109145069748 35730620.03042286
01 1.0833333333333333 -19.018304486461346 47.229213613763854 1552.9677982106805 15.267965544863312 48.2193841500768 15129435.342521887
01 1.1666666666666667 -19.018304486461346 47.229213613763854 1552.9677982106805 26.312912132234604 62.21271127824218 22806476.16358669
01 1.25 -19.018304486461346 47.229213613763854 1552.9677982106805 28.73598163207137 -19.157404292524063 16930095.507167954
01 1.3333333333333333 -19.018304486461346 47.229213613763854 1552.9677982106805 78.57941044826381 52.237051882813404 26331888.38486477
01 1.4166666666666667 -19.018304486461346 47.229213613763854 1552.9677982106805 31.928641271461952 22.61951043342543 29645587.782379463
01 1.5 -19.018304486461346 47.229213613763854 1552.9677982106805 77.00201781728965 36.49442048494905 14128945.796297017
01 1.5833333333333335 -19.018304486461346 47.229213613763854 1552.9677982106805 76.71598700591396 36.016794025773294 26389584.21821744
01 1.6666666666666665 -19.018304486461346 47.229213613763854 1552.9677982106805 -36.05454536394517 16.85212322247814 7269081.036903922
01 1.75 -19.018304486461346 47.229213613763854 1552.9677982106805 52.68772110547483 41.063238592639934 36656993.481174946
01 1.8333333333333335 -19.018304486461346 47.229213613763854 1552.9677982106805 38.19510730509765 9.256068210405738 16311876.47473544
01 1.9166666666666665 -19.018304486461346 47.229213613763854 1552.9677982106805 36.995600040572974 16.971501065738973 14726854.794189159
01 2.0 -19.018304486461346 47.229213613763854 1552.9677982106805 36.632058973644796 18.161621673798024 27461963.522859715
01 2.0833333333333335 -19.018304486461346 47.229213613763854 1552.9677982106805 153.13587352385508 66.27231730693784 15168532.460009512
01 2.1666666666666665 -19.018304486461346 47.229213613763854 1552.9677982106805 47.627443042200234 24.738248604988062 35750842.47180781
01 2.25 -19.018304486461346 47.229213613763854 1552.9677982106805 14.472266277261172 48.56123750452457 15231924.638842627
01 2.3333333333333335 -19.018304486461346 47.229213613763854 1552.9677982106805 27.113517188487418 62.218758798384435 22818999.06353056
01 2.4166666666666665 -19.018304486461346 47.229213613763854 1552.9677982106805 28.7891520330989 -19.686750168829498 16797630.110853195
01 2.5 -19.018304486461346 47.229213613763854 1552.9677982106805 78.8257477708148 52.059759770533894 26322020.397186942
01 2.5833333333333335 -19.018304486461346 47.229213613763854 1552.9677982106805 31.92334473847084 22.60668335776197 29727504.362354748
01 2.6666666666666665 -19.018304486461346 47.229213613763854 1552.9677982106805 77.79921941029785 36.118221095014164 14171177.104840633
01 2.75 -19.018304486461346 47.229213613763854 1552.9677982106805 76.3610016052784 35.70542633885371 26324221.372269772
01 2.8333333333333335 -19.018304486461346 47.229213613763854 1552.9677982106805 -36.81168251619659 16.531229596963172 7280664.871937235
01 2.9166666666666665 -19.018304486461346 47.229213613763854 1552.9677982106805 52.48690165255849 41.1330419213492 36699882.58752554
01 3.0 -19.018304486461346 47.229213613763854 1552.9677982106805 38.18136127018672 8.737514098858297 16325955.192792002
01 3.0833333333333335 -19.018304486461346 47.229213613763854 1552.9677982106805 36.53229536923176 17.355293943949913 14852324.988907348
01 3.1666666666666665 -19.018304486461346 47.229213613763854 1552.9677982106805 36.358480333263664 18.092639929080413 27343040.475508
01 3.25 -19.018304486461346 47.229213613763854 1552.9677982106805 154.00747816152463 66.09649361080248 15294834.06921675
01 3.3333333333333335 -19.018304486461346 47.229213613763854 1552.9677982106805 47.77438423764026 24.786829747308953 35768692.03244409
01 3.4166666666666665 -19.018304486461346 47.229213613763854 1552.9677982106805 13.668221029755026 48.89006398026988 15335316.935469393
01 3.5 -19.018304486461346 47.229213613763854 1552.9677982106805 27.923293991762595 62.219805454744424 22829414.88128029
01 3.5833333333333335 -19.018304486461346 47.229213613763854 1552.9677982106805 28.848858108244436 -20.22629819082735 16666954.71726108
01 3.6666666666666665 -19.018304486461346 47.229213613763854 1552.9677982106805 79.06596508546602 51.879642080369116 26310142.667432677
01 3.75 -19.018304486461346 47.229213613763854 1552.9677982106805 31.92198403730114 22.595239357115748 29808501.03025104
01 3.8333333333333335 -19.018304486461346 47.229213613763854 1552.9677982106805 78.5880810878842 35.73733572384786 14213452.800084315
01 3.9166666666666665 -19.018304486461346 47.229213613763854 1552.9677982106805 76.00292650482734 35.39202764277167 26257533.89166673
01 4.0 -19.018304486461346 47.229213613763854 1552.9677982106805 -37.566147083371945 16.211348080883123 7297225.958675585
01 4.083333333333333 -19.018304486461346 47.229213613763854 1552.9677982106805 52.284279301753315 41.2025415786849 36739624.34003242
01 4.166666666666667 -19.018304486461346 47.229213613763854 1552.9677982106805 38.16642310498936 8.216046347984634 16342979.999317935
01 4.25 -19.018304486461346 47.229213613763854 1552.9677982106805 36.07120728663212 17.739645492077784 14977302.786760218
01 4.333333333333333 -19.018304486461346 47.229213613763854 1552.9677982106805 36.08397068577855 18.0269726435859 27222034.47450322
01 4.416666666666667 -19.018304486461346 47.229213613763854 1552.9677982106805 154.85308055381557 65.91238981273206 15422118.156999204
01 4.5 -19.018304486461346 47.229213613763854 1552.9677982106805 47.92217169587383 24.83883940506313 35784171.3165494
01 4.583333333333333 -19.018304486461346 47.229213613763854 1552.9677982106805 12.85627426718723 49.20588275852191 15439552.153282328
01 4.666666666666667 -19.018304486461346 47.229213613763854 1552.9677982106805 28.742086659148818 62.21573922523584 22837763.771479324
01 4.75 -19.018304486461346 47.229213613763854 1552.9677982106805 28.915230499357442 -20.77604347835497 16538181.429569952
01 4.833333333333333 -19.018304486461346 47.229213613763854 1552.9677982106805 79.30016689036216 51.69677925573443 26296242.98730455
01 4.916666666666667 -19.018304486461346 47.229213613763854 1552.9677982106805 31.924532321018084 22.585139616430336 29888541.914220724
01 5.0 -19.018304486461346 47.229213613763854 1552.9677982106805 79.36871158911727 35.351835938879255 14255763.792350201
01 5.083333333333333 -19.018304486461346 47.229213613763854 1552.9677982106805 75.64176027507446 35.07656218992805 26189586.37264475
01 5.166666666666667 -19.018304486461346 47.229213613763854 1552.9677982106805 -38.31726326695949 15.892771696924669 7318732.249865376
01 5.25 -19.018304486461346 47.229213613763854 1552.9677982106805 52.07989142391035 41.27173209621977 36776203.82048078
01 5.333333333333333 -19.018304486461346 47.229213613763854 1552.9677982106805 38.150263041239135 7.691923980876172 16362961.356387042
01 5.416666666666667 -19.018304486461346 47.229213613763854 1552.9677982106805 35.6121624904104 18.124544882311113 15101773.676329948
01 5.5 -19.018304486461346 47.229213613763854 1552.9677982106805 35.80849540277604 17.96462349104083 27098967.516345315
01 5.583333333333333 -19.018304486461346 47.229213613763854 1552.9677982106805 155.67281275275172 65.72044294072695 15550323.499252647
01 5.666666666666667 -19.018304486461346 47.229213613763854 1552.9677982106805 48.0707992544203 24.89426441800639 35797283.82895829
01 5.75 -19.018304486461346 47.229213613763854 1552.9677982106805 12.036887348492854 49.50872461924804 15544570.701703336
01 5.833333333333333 -19.018304486461346 47.229213613763854 1552.9677982106805 29.569724037310305 62.20644620567302 22844087.55112395
01 5.916666666666667 -19.018304486461346 47.229213613763854 1552.9677982106805 28.98840317837457 -21.33596714109279 16411423.000946226
01 6.0 -19.018304486461346 47.229213613763854 1552.9677982106805 79.528460166833 51.51124999437526 26280309.755942143
01 6.083333333333333 -19.018304486461346 47.229213613763854 1552.9677982106805 31.93096249266823 22.57634509822967 29967591.739549216
01 6.166666666666667 -19.018304486461346 47.229213613763854 1552.9677982106805 80.14122175268446 34.96179107235752 14298102.191815104
01 6.25 -19.018304486461346 47.229213613763854 1552.9677982106805 75.27750333070443 34.75899546556814 26120444.368641373
01 6.333333333333333 -19.018304486461346 47.229213613763854 1552.9677982106805 -39.06437364139372 15.575789392113286 7345145.788174685
01 6.416666666666667 -19.018304486461346 47.229213613763854 1552.9677982106805 51.87377520960248 41.34060831015456 36809606.615766004
01 6.5 -19.018304486461346 47.229213613763854 1552.9677982106805 38.1328523927284 7.16540781963194 16385907.097001389
01 6.583333333333333 -19.018304486461346 47.229213613763854 1552.9677982106805 35.15498984245541 18.509979749957736 15225724.649428515
01 6.666666666666667 -19.018304486461346 47.229213613763854 1552.9677982106805 35.53201951801597 17.905595863932948 26973862.573227674
01 6.75 -19.018304486461346 47.229213613763854 1552.9677982106805 156.46689115240875 65.52107662521583 15679389.255069356
01 6.833333333333333 -19.018304486461346 47.229213613763854 1552.9677982106805 48.22026085159817 24.953091684077318 35808033.935312524
01 6.916666666666667 -19.018304486461346 47.229213613763854 1552.9677982106805 11.210537345973677 49.79863188153195 15650313.493602827
01 7.0 -19.018304486461346 47.229213613763854 1552.9677982106805 30.406019470545008 62.19181086646021 22848429.66059941
01 7.083333333333333 -19.018304486461346 47.229213613763854 1552.9677982106805 29.06851358505196 -21.906035469143717 16286792.697730979
01 7.166666666666667 -19.018304486461346 47.229213613763854 1552.9677982106805 79.75095431732953 51.32313148113038 26262331.998858385
01 7.25 -19.018304486461346 47.229213613763854 1552.9677982106805 31.941247268762364 22.568816592880406 30045615.80787034
01 7.333333333333333 -19.018304486461346 47.229213613763854 1552.9677982106805 80.90572419444537 34.5672682854464 14340461.268781325
01 7.416666666666667 -19.018304486461346 47.229213613763854 1552.9677982106805 74.91015799895922 34.43929436456287 26050174.355354402
01 7.5 -19.018304486461346 47.229213613763854 1552.9677982106805 -39.80684192416329 15.26068443882034 7376422.825643603
01 7.583333333333333 -19.018304486461346 47.229213613763854 1552.9677982106805 51.66596761337186 41.40916537609178 36839818.858854346
01 7.666666666666667 -19.018304486461346 47.229213613763854 1552.9677982106805 38.11416340635656 6.63675984076122 16411822.336345272
01 7.75 -19.018304486461346 47.229213613763854 1552.9677982106805 34.699520419800116 18.895936197106153 15349144.123452827
01 7.833333333333333 -19.018304486461346 47.229213613763854 1552.9677982106805 35.25450790439538 17.84989288961355 26846743.592748553
01 7.916666666666667 -19.018304486461346 47.229213613763854 1552.9677982106805 157.23560744597182 65.31470007345727 15809255.005480863
01 8.0 -19.018304486461346 47.229213613763854 1552.9677982106805 48.370550567560265 25.01530817495557 35816426.87778115
01 8.083333333333334 -19.018304486461346 47.229213613763854 1552.9677982106805 10.377715773338245 50.0756581468258 15756721.976707626
01 8.166666666666666 -19.018304486461346 47.229213613763854 1552.9677982106805 31.250770477541355 62.17171626603965 22850835.19573474
01 8.25 -19.018304486461346 47.229213613763854 1552.9677982106805 29.15570270749525 -22.486199049904123 16164404.114193114
01 8.333333333333334 -19.018304486461346 47.229213613763854 1552.9677982106805 79.96776078106026 51.13249921204911 26242299.291581184
01 8.416666666666666 -19.018304486461346 47.229213613763854 1552.9677982106805 31.955359201031847 22.56251471891777 30122580.02405912
01 8.5 -19.018304486461346 47.229213613763854 1552.9677982106805 81.66233290156023 34.16833276859943 14382835.502073728
01 8.583333333333334 -19.018304486461346 47.229213613763854 1552.9677982106805 74.5397284369255 34.11742727605326 25978843.665782236
01 8.666666666666666 -19.018304486461346 47.229213613763854 1552.9677982106805 -40.5440551585103 14.947732756890545 7412514.021908221
01 8.75 -19.018304486461346 47.229213613763854 1552.9677982106805 51.45650547296487 41.47739873977767 36866827.17148095
01 8.833333333333334 -19.018304486461346 47.229213613763854 1552.9677982106805 38.094169358515785 6.1062427855654065 16440709.441537127
01 8.916666666666666 -19.018304486461346 47.229213613763854 1552.9677982106805 34.245587390694496 19.282398711425568 15472021.96221232
01 9.0 -19.018304486461346 47.229213613763854 1552.9677982106805 34.97592508410075 17.79751737807077 26717635.42135651
01 9.083333333333334 -19.018304486461346 47.229213613763854 1552.9677982106805 157.97931962322096 65.10170774692749 15939860.757984594
01 9.166666666666666 -19.018304486461346 47.229213613763854 1552.9677982106805 48.52166262264462 25.080900840545105 35822468.75137091
01 9.25 -19.018304486461346 47.229213613763854 1552.9677982106805 9.538927289444384 50.33986835315623 15863738.146669965
01 9.333333333333334 -19.018304486461346 47.229213613763854 1552.9677982106805 32.10375893986779 62.14604437462963 22851350.845128257
01 9.416666666666666 -19.018304486461346 47.229213613763854 1552.9677982106805 29.250115153294132 -23.07639211602223 16044370.971976604
01 9.5 -19.018304486461346 47.229213613763854 1552.9677982106805 80.17899286767792 50.939427227083584 26220201.80590735
01 9.583333333333334 -19.018304486461346 47.229213613763854 1552.9677982106805 31.973270674855513 22.557399926733734 30198450.864212703
01 9.666666666666666 -19.018304486461346 47.229213613763854 1552.9677982106805 82.41116299155854 33.76504766520516 14425220.582511414
01 9.75 -19.018304486461346 47.229213613763854 1552.9677982106805 74.16622086335875 33.79336412629824 25906520.45994966
01 9.833333333333334 -19.018304486461346 47.229213613763854 1552.9677982106805 -41.275425852090294 14.637201283423757 7453364.592207542
01 9.916666666666666 -19.018304486461346 47.229213613763854 1552.9677982106805 51.245425431780546 41.5453041956242 36890618.713747956
01 0.0 -19.018304486461346 47.229213613763854 1552.9677982106805 38.07284457058637 5.574119558811246 16472568.03589136
01 0.08333333333333333 -19.018304486461346 47.229213613763854 1552.9677982106805 33.79302599071781 19.66935005100533 15594349.440584004
01 0.16666666666666666 -19.018304486461346 47.229213613763854 1552.9677982106805 34.696235381637756 17.74847182034993 26586563.892620653
01 0.25 -19.018304486461346 47.229213613763854 1552.9677982106805 158.69844373430985 64.88247872948006 16071146.92485882
01 0.3333333333333333 -19.018304486461346 47.229213613763854 1552.9677982106805 48.673591327184084 25.14985672712727 35826166.49657141
01 0.4166666666666667 -19.018304486461346 47.229213613763854 1552.9677982106805 8.694688330283645 50.591338393650645 15971304.639364414
01 0.5 -19.018304486461346 47.229213613763854 1552.9677982106805 32.96475062957565 62.11467627545153 22850024.89699305
01 0.5833333333333334 -19.018304486461346 47.229213613763854 1552.9677982106805 29.351899258949818 -23.676531599121926 15926806.94151736
01 0.6666666666666666 -19.018304486461346 47.229213613763854 1552.9677982106805 80.3847655160454 50.74398795619799 26196030.25172159
01 0.75 -19.018304486461346 47.229213613763854 1552.9677982106805 31.994953936956296 22.55343257452913 30273195.41319838
01 0.8333333333333334 -19.018304486461346 47.229213613763854 1552.9677982106805 83.1523303056449 33.35747434281689 14467613.376165442
01 0.9166666666666666 -19.018304486461346 47.229213613763854 1552.9677982106805 73.78964340739584 33.46707656864033 25833273.64371961
01 1.0 -19.018304486461346 47.229213613763854 1552.9677982106805 -42.00039368658425 14.329346658644962 7498914.560082898
01 1.0833333333333333 -19.018304486461346 47.229213613763854 1552.9677982106805 51.03276393353839 41.612877808611266 36911181.16929629
01 1.1666666666666667 -19.018304486461346 47.229213613763854 1552.9677982106805 38.05016429520502 5.0406526730019205 16507394.94712326
01 1.25 -19.018304486461346 47.229213613763854 1552.9677982106805 33.34167359679989 20.05677129561748 15716119.153724384
01 1.3333333333333333 -19.018304486461346 47.229213613763854 1552.9677982106805 34.4154027489906 17.70275838026305 26453555.728222936
01 1.4166666666666667 -19.018304486461346 47.229213613763854 1552.9677982106805 159.39344565606396 64.65737652548735 16203054.363519033
01 1.5 -19.018304486461346 47.229213613763854 1552.9677982106805 48.826331140659796 25.222162825744036 35827527.890203014
01 1.5833333333333335 -19.018304486461346 47.229213613763854 1552.9677982106805 7.845525274732116 50.83015503135867 16079364.627265759
01 1.6666666666666665 -19.018304486461346 47.229213613763854 1552.9677982106805 33.83349563727584 62.07749258675429 22846907.200252958
01 1.75 -19.018304486461346 47.229213613763854 1552.9677982106805 29.461207108543636 -24.286516453061264 15811825.397657305
01 1.8333333333333335 -19.018304486461346 47.229213613763854 1552.9677982106805 80.58519512767977 50.546252398104755 26169775.885539763
01 1.9166666666666665 -19.018304486461346 47.229213613763854 1552.9677982106805 32.02038109989387 22.550572876915606 30346781.308791727
01 2.0 -19.018304486461346 47.229213613763854 1552.9677982106805 83.88595114293969 32.94567247543977 14510011.952691654
01 2.0833333333333335 -19.018304486461346 47.229213613763854 1552.9677982106805 73.4100061949979 33.13853795198654 25759172.865776613
01 2.1666666666666665 -19.018304486461346 47.229213613763854 1552.9677982106805 -42.71842734580169 14.024413801447436 7549098.927577155
01 2.25 -19.018304486461346 47.229213613763854 1552.9677982106805 50.818557319219956 41.680115989101814 36928502.73630063
01 2.3333333333333335 -19.018304486461346 47.229213613763854 1552.9677982106805 38.02610480223429 4.506103765074617 16545184.176631939
01 2.4166666666666665 -19.018304486461346 47.229213613763854 1552.9677982106805 32.89136952933119 20.44464165839977 15837325.06663934
01 2.5 -19.018304486461346 47.229213613763854 1552.9677982106805 34.133390942400254 17.660378882108127 26318638.605696768
01 2.5833333333333335 -19.018304486461346 47.229213613763854 1552.9677982106805 160.0648337359696 64.42674896667926 16335524.355188377
01 2.6666666666666665 -19.018304486461346 47.229213613763854 1552.9677982106805 48.979876632829125 25.297806180234762 35826561.52753788
01 2.75 -19.018304486461346 47.229213613763854 1552.9677982106805 6.991973124557454 51.05641562830691 16187861.948129836
01 2.8333333333333335 -19.018304486461346 47.229213613763854 1552.9677982106805 34.7097282445659 62.034373609560426 22842049.156631384
01 2.9166666666666665 -19.018304486461346 47.229213613763854 1552.9677982106805 29.578194793016642 -24.906226888139834 15699539.2223014
01 3.0 -19.018304486461346 47.229213613763854 1552.9677982106805 80.78039943699544 50.346290039444064 26141430.51114361
01 3.0833333333333335 -19.018304486461346 47.229213613763854 1552.9677982106805 32.04952419704911 22.548780936433506 30419176.817871325
01 3.1666666666666665 -19.018304486461346 47.229213613763854 1552.9677982106805 84.61214206429955 32.529700119996626 14552415.583919587
01 3.25 -19.018304486461346 47.229213613763854 1552.9677982106805 73.0273214930537 32.80772360319611 25684288.393523607
01 3.3333333333333335 -19.018304486461346 47.229213613763854 1552.9677982106805 -43.429025627719234 13.722634897732938 7603847.959924611
01 3.4166666666666665 -19.018304486461346 47.229213613763854 1552.9677982106805 50.602841708427206 41.747015474307844 36942572.153124586
01 3.5 -19.018304486461346 47.229213613763854 1552.9677982106805 38.000643318759806 3.9707329823467687 16585926.92747257
01 3.5833333333333335 -19.018304486461346 47.229213613763854 1552.9677982106805 32.44195512429888 20.832938573162217 15957962.389587013
01 3.6666666666666665 -19.018304486461346 47.229213613763854 1552.9677982106805 33.850163370432895 17.62133476569083 26181841.050497696
01 3.75 -19.018304486461346 47.229213613763854 1552.9677982106805 160.71315158729112 64.19092824013221 16468498.638162836
01 3.8333333333333335 -19.018304486461346 47.229213613763854 1552.9677982106805 49.13422245925529 25.376773830365817 35823276.82632189
01 3.9166666666666665 -19.018304486461346 47.229213613763854 1552.9677982106805 6.134573668919608 51.270227958974445 16296741.079810549
