10.683333333333334 4.90768570316969
10.691666666666666 5.023615285530271
10.7 4.71292400549491
10.708333333333332 4.314126236185898
10.716666666666667 4.351223703232279
10.725 4.623271791066873
10.733333333333333 4.90304852194825
10.741666666666665 4.544439675752673
10.75 3.723658225269162
10.758333333333333 3.227479604243618
10.766666666666667 3.649463285418118
10.775 4.031258049237467
10.783333333333333 4.728381285830187
10.791666666666666 4.590811505241935
10.8 4.549076856974114
10.808333333333334 4.9957921866850565
10.816666666666666 5.892314296415713
10.825 6.244740236235463
10.833333333333334 6.425590384487637
10.841666666666667 6.334392444905215
10.85 6.014426790910404
10.858333333333333 5.791841988632125
10.866666666666667 5.51979390079753
10.875 5.243108631741494
10.883333333333333 5.33276084616953
10.891666666666666 5.012795192174719
10.9 5.009703736107664
10.908333333333333 4.70983254366957
10.916666666666666 4.658823532958868
10.924999999999999 4.8257621317884345
10.933333333333334 5.326577928277135
10.941666666666666 5.2322885383859425
10.95 5.5244310877772556
10.958333333333332 5.753198802189645
10.966666666666667 5.454873334905936
10.975 5.079261483220698
10.983333333333333 4.654186345979142
10.991666666666665 4.518162302061845
11.0 4.345040791098167
11.008333333333333 3.964791758191488
11.016666666666667 3.675740659108946
11.025 4.065264065975076
11.033333333333333 3.868956631629341
11.041666666666666 7.971318158892513
11.05 8.166079862325578
11.058333333333334 8.962129675789216
11.066666666666666 10.138428510642962
11.075 9.11670245035056
11.083333333333334 8.581880637124252
11.091666666666667 8.206268785439013
11.1 7.725547444748745
11.108333333333333 7.377758697667005
11.116666666666667 7.2262773734144305
11.125 7.045427219403972
11.133333333333333 7.158265351455782
11.141666666666666 7.734821812949911
11.15 8.132073851346252
11.158333333333333 8.469042510830727
11.166666666666666 8.543237444923486
11.174999999999999 8.65452984030434
11.183333333333334 8.720996137108605
11.191666666666666 8.745727785645046
11.2 8.88793473593817
11.208333333333332 8.874023186515563
11.216666666666667 9.164620010752492
11.225 9.286732505247182
11.233333333333333 8.962129670030931
11.241666666666665 8.92657793389722
11.25 8.84001717553624
11.258333333333333 8.826105626113632
11.266666666666667 8.683898670062224
11.275 8.53241734580965
11.283333333333333 8.464405323851
11.291666666666666 8.830742807335074
11.3 9.11206526912912
11.308333333333334 8.934306571185717
11.316666666666666 8.853928724958847
11.325 8.618978104170631
11.333333333333334 8.750364966866488
11.341666666666667 9.051781878700682
11.35 9.481494208680248
11.358333333333333 9.34856161507172
11.366666666666667 8.994589950097584
11.375 8.464405323851
11.383333333333333 7.948132247027024
11.391666666666666 7.60807213723378
11.4 7.688449977702366
11.408333333333333 7.785830829418898
11.416666666666666 7.764190642707796
11.424999999999999 7.7580077248154
11.433333333333334 7.651352516414271
11.441666666666666 7.898668955712423
11.45 7.773465005150676
11.458333333333332 7.351481323976177
11.466666666666667 7.422584802001881
11.475 7.5091455546045776
11.483333333333333 7.271103477749307
11.491666666666665 6.850665521729192
11.5 6.839845428373641
11.508333333333333 6.291112071483009
11.516666666666667 6.116444829606662
11.525 6.360669818596043
11.533333333333333 6.0886217307614485
11.541666666666666 6.727007302080116
11.55 7.029969944826981
11.558333333333334 7.498325461249026
11.566666666666666 7.533877203141021
11.575 7.589523400831448
11.583333333333334 8.020781450207114
11.591666666666667 7.969772439496412
11.6 8.210905966660453
11.608333333333333 7.8940317744909825
11.616666666666667 7.819836840398223
11.625 7.87857449991399
11.633333333333333 7.717818807460249
11.641666666666666 7.60652640632111
11.65 7.402490340445164
11.658333333333333 7.64207814245482
11.666666666666666 7.694632889836476
11.674999999999999 8.132073857104539
11.683333333333334 8.4922284284545
11.691666666666666 8.49686560967594
11.7 8.357750109691587
11.708333333333332 8.223271790928674
11.716666666666667 7.872391587779879
11.725 7.595706312965558
11.733333333333333 7.311292400862742
11.741666666666665 7.370030060378509
11.75 7.475139543625253
11.758333333333333 7.3839416098011155
11.766666666666667 7.131987977764953
11.775 6.671361104389689
11.783333333333333 6.459596395466962
11.791666666666666 6.229282955900186
11.8 6.306569340301717
11.808333333333334 6.573980246914871
11.816666666666666 6.694547016255177
11.825 6.756376131838
11.833333333333334 6.677544010765515
11.841666666666667 6.550794335049383
11.85 6.744010301811493
11.858333333333333 6.325118076704049
11.866666666666667 6.311206527281442
11.875 6.5198797801371144
11.883333333333333 6.271017604168007
11.891666666666666 6.277200516302118
11.9 6.4549592142455205
11.908333333333333 6.493602406446286
11.916666666666666 7.133533708677623
11.924999999999999 7.2247316425017605
11.933333333333334 7.45504508782682
11.941666666666666 7.572520395341786
11.95 7.427221983223322
11.958333333333332 7.555517389852123
11.966666666666667 7.847659939243436
11.975 7.6219836808981025
11.983333333333333 7.991412626207515
11.991666666666665 7.985229714073404
12.0 7.793559466707394
12.008333333333333 7.510691279758963
12.016666666666667 7.192271362435106
12.025 6.592528983317203
12.033333333333333 6.385401461374202
12.041666666666666 5.9077715767509895
12.05 5.940231862575929
12.058333333333334 6.213825681323194
12.066666666666666 6.107170461405496
12.075 6.556977247183494
12.083333333333334 6.8862172636211865
12.091666666666667 7.353027049130562
12.1 6.808930873461372
12.108333333333333 6.617260626095362
12.116666666666667 6.6327179064306385
12.125 6.496693856755057
12.133333333333333 6.6048948018271405
12.141666666666666 6.504422499801837
12.15 6.727007302080116
12.158333333333333 7.059338774584864
12.166666666666666 6.787290686750269
12.174999999999999 6.662086736188522
12.183333333333334 6.597166164538645
12.191666666666666 6.731644483301556
12.2 7.238643191924368
12.208333333333332 7.422584802001881
12.216666666666667 7.353027054888847
12.225 6.878488620574406
12.233333333333333 7.2432803789040925
12.241666666666665 7.111893521966521
12.25 6.904765994265234
12.258333333333333 6.852211252641862
12.266666666666667 6.773379131569377
12.275 6.059252901003564
12.283333333333333 5.777930444967803
12.291666666666666 6.195276944920862
12.3 6.4920566755336155
12.308333333333334 6.652812367987356
12.316666666666666 6.799656505260206
12.325 7.204637186703327
12.333333333333334 7.234006016461211
12.341666666666667 7.090253329497133
12.35 7.175268356945444
12.358333333333333 7.425676252310652
12.366666666666667 7.323658219372678
12.375 6.9248604558219515
12.383333333333333 6.954229285579835
12.391666666666666 6.963503648022717
12.4 6.723915840254776
12.408333333333333 6.339029626126655
12.416666666666666 5.723829972431761
12.424999999999999 5.5244310877772556
12.433333333333334 5.609446115225566
12.441666666666666 6.3977672856424235
12.45 6.0963503680499445
12.458333333333332 5.59862601611173
12.466666666666667 5.411592961483731
12.475 5.402318593282565
12.483333333333333 5.317303565834253
12.491666666666665 5.808844999880072
12.5 6.127264922962214
12.508333333333333 6.317389439415553
12.516666666666667 6.470416488822512
12.525 6.56470588447199
12.533333333333333 6.3900386483539275
12.541666666666666 6.83211678532686
12.55 6.119536279915432
12.558333333333334 5.776384719813418
12.566666666666666 6.043795620668288
12.575 6.628080719450914
12.583333333333334 6.961957922868331
12.591666666666667 6.710004290832169
12.6 6.774924862482047
12.608333333333333 7.393215972243997
12.616666666666667 7.821382571310893
12.625 7.802833840666845
12.633333333333333 7.552425939543353
12.641666666666666 7.308200944795686
12.65 6.750193213945604
12.658333333333333 5.824302280215349
12.666666666666666 5.764018889786912
12.674999999999999 5.538342637199862
12.683333333333334 5.553799917535139
12.691666666666666 5.668183774741333
12.7 6.354486906461933
12.708333333333332 5.915500219797771
12.716666666666667 5.696006873586548
12.725 5.546071280246643
12.733333333333333 5.807299274725687
12.741666666666665 5.379132675658791
12.75 5.8428510108593965
12.758333333333333 6.855302708708917
12.766666666666667 7.482868186672034
12.775 7.694632889836476
12.783333333333333 8.26964362617622
12.791666666666666 8.098067840366928
12.8 6.708458565677784
12.808333333333334 6.620352082162417
12.816666666666666 5.934048950441818
12.825 5.181279521916956
12.833333333333334 4.791756120809111
12.841666666666667 4.476427653794024
12.85 4.975697725128339
12.858333333333333 6.022155433957185
12.866666666666667 6.856848433863303
12.875 7.230914554635872
12.883333333333333 7.603434950254054
12.891666666666666 6.968140829244158
12.9 6.488965225224845
12.908333333333333 5.7207385163647055
12.916666666666666 5.4950622637776565
12.924999999999999 5.963417780199702
12.933333333333334 6.0592528952452795
12.941666666666666 5.382224131725847
12.95 5.4285959669733925
12.958333333333332 5.167367966736064
12.966666666666667 6.305023615147332
12.975 6.9140403624664
12.983333333333333 7.110347791053851
12.991666666666665 7.005238302048822
13.0 6.037612708534176
13.008333333333333 5.689823955694152
13.016666666666667 5.5507084614680835
13.025 5.291026192143425
13.033333333333333 5.881494203060162
13.041666666666666 5.819665093235623
13.05 5.471876340395599
13.058333333333334 5.68054959325127
13.066666666666666 5.546071280246643
13.075 5.635723488916395
13.083333333333334 6.595620439384259
13.091666666666667 6.8692142581315245
13.1 12.538943752268958
13.108333333333333 9.217174752375863
13.116666666666667 10.062687851395818
13.125 10.57741520306541
13.133333333333333 10.568140829105959
13.141666666666666 10.161614422508451
13.15 9.88802060951947
13.158333333333333 10.088965225086646
13.166666666666666 9.790639763561222
13.174999999999999 9.943666812968182
13.183333333333334 9.527866038169508
13.191666666666666 9.150708461329884
13.2 9.31919279107212
13.208333333333332 9.037870329278075
13.216666666666667 9.591240873148433
13.225 9.271275224911905
13.233333333333333 9.512408763592516
13.241666666666665 10.096693862375142
13.25 9.821554312715207
13.258333333333333 10.16006870311235
13.266666666666667 9.826191499694932
13.275 9.724173466756959
13.283333333333333 9.80918849420527
13.291666666666666 9.748905109535118
13.3 10.260541005137654
13.308333333333334 10.345556038344249
13.316666666666666 10.316187208586365
13.325 10.49703735683854
13.333333333333334 10.398110779967622
13.341666666666667 10.204894801688942
13.35 9.61288106561782
13.358333333333333 9.286732505247182
13.366666666666667 8.76118506022204
13.375 8.450493774428395
13.383333333333333 8.367024477892754
13.391666666666666 8.543237444923486
13.4 8.792099615134308
13.408333333333333 9.244997856979362
13.416666666666666 9.404207812762147
13.424999999999999 9.555689137014722
13.433333333333334 9.634521258087208
13.441666666666666 9.26972949975752
13.45 9.18935165353065
13.458333333333332 8.972949763386483
13.466666666666667 8.843108631603295
13.475 8.773550878731976
13.483333333333333 8.554057538279038
13.491666666666665 8.555603263433422
13.5 8.524688708521154
13.508333333333333 8.625161016304741
13.516666666666667 8.461313867783945
13.525 8.648346933928515
13.533333333333333 8.946672395453938
13.541666666666666 9.201717477798871
13.55 9.319192785313836
13.558333333333334 9.186260197463595
13.566666666666666 9.118248175504945
13.575 9.296006867690064
13.583333333333334 8.827651351268019
13.591666666666667 8.50304852181005
13.6 8.026964362341225
13.608333333333333 7.4998711864034115
13.616666666666667 7.1876341812136655
13.625 6.9248604558219515
13.633333333333333 7.153628170234341
13.641666666666666 7.340661224862341
13.65 7.578703307475896
13.658333333333333 8.068699010609045
13.666666666666666 8.326835554779318
13.674999999999999 8.402576214026462
13.683333333333334 8.363933016067413
13.691666666666666 8.192357236016406
13.7 8.093430659145488
13.708333333333332 8.003778444717451
13.716666666666667 8.03623873054239
13.725 8.087247747011377
13.733333333333333 8.033147274475334
13.741666666666665 7.843022758021996
13.75 7.815199659176781
13.758333333333333 7.76573636786218
13.766666666666667 7.6111635933008355
13.775 7.898668955712423
13.783333333333333 8.110433664635151
13.791666666666666 8.391756120670912
13.8 8.708630312840382
13.808333333333334 8.911120653561944
13.816666666666666 8.891026192005226
13.825 8.700901675551886
13.833333333333334 8.458222411716891
13.841666666666667 7.991412626207515
13.85 7.812108203109727
13.858333333333333 7.682267065568255
13.866666666666667 7.407127521666604
13.875 7.125805071389127
13.883333333333333 6.935680554935788
13.891666666666666 6.787290680991984
13.9 6.703821378698058
13.908333333333333 6.747101763636834
13.916666666666666 6.866122796306184
13.924999999999999 7.110347791053851
13.933333333333334 7.235551735857312
13.941666666666666 7.387033060109887
13.95 7.4133104338007145
13.958333333333332 7.377758697667005
13.966666666666667 7.2262773734144305
13.975 7.070158867940416
13.983333333333333 6.9233147249092815
13.991666666666665 6.8212966977295935
14.0 6.785744955837599
14.008333333333333 6.731644483301556
14.016666666666667 6.781107774616158
14.025 6.870759983285909
14.033333333333333 6.940317736157229
14.041666666666666 7.029969944826981
14.05 7.0562473185178085
14.058333333333334 6.921768999754896
14.066666666666666 6.863031340239129
14.075 6.852211252641862
14.083333333333334 6.804293692239931
14.091666666666667 6.9341348240231175
14.1 7.006784027203207
14.108333333333333 6.969686560156828
14.116666666666667 6.804293692239931
14.125 6.555431516270824
14.133333333333333 6.425590384487637
14.141666666666666 6.323572345791379
14.15 6.29420352179178
14.158333333333333 6.379218549240091
14.166666666666666 6.450322027265795
14.174999999999999 6.479690851265394
14.183333333333334 6.394675829575368
14.191666666666666 6.227737224987516
14.2 6.049978532802398
14.208333333333332 5.969600686575528
14.216666666666667 5.988149422977861
14.225 6.176728214276815
14.233333333333333 6.315843708502883
14.241666666666665 6.422498928420581
14.25 6.312752258194112
14.258333333333333 6.164362390008593
14.266666666666667 5.938686131663259
14.275 5.756290252498415
14.283333333333333 5.644997857117561
14.291666666666666 5.7671103458539665
14.3 5.983512235998135
14.308333333333334 6.311206527281442
14.316666666666666 6.44723057119874
14.325 6.543065692002602
14.333333333333334 6.371489911951595
14.341666666666667 6.040704164601232
14.35 5.753198802189645
14.358333333333333 5.476513527375324
14.366666666666667 5.448690422771826
14.375 5.67436668111716
14.383333333333333 5.913954488885101
14.391666666666666 6.145813659364546
14.4 6.131902104183654
14.408333333333333 6.011335340601633
14.416666666666666 5.740832977921423
14.424999999999999 5.510519538354648
14.433333333333334 5.414684417550786
14.441666666666666 5.566165736045075
14.45 5.705281241787714
14.458333333333332 5.963417780199702
14.466666666666667 6.046887076735343
14.475 5.981966510843749
14.483333333333333 5.861399741503444
14.491666666666665 5.748561615209919
14.5 5.696006873586548
14.508333333333333 5.86294546665783
14.516666666666667 6.107170461405496
14.525 6.345212538260767
14.533333333333333 6.481236582178064
14.541666666666666 6.470416488822512
14.55 6.269471879013621
14.558333333333334 5.977329329622309
14.566666666666666 5.603263203091456
14.575 5.289480461230755
14.583333333333334 5.167367972494349
14.591666666666667 5.318849296746923
14.6 5.5507084614680835
14.608333333333333 5.78875053256507
14.616666666666667 5.686732499627096
14.625 5.459510521885662
14.633333333333333 5.147273505179347
14.641666666666666 4.9478746262831255
14.65 5.054529840442539
14.658333333333333 5.2230141701847765
14.666666666666666 5.451781878838881
14.674999999999999 5.618720483426732
14.683333333333334 5.773293257988078
14.691666666666666 5.835122367812616
14.7 5.716101335143265
14.708333333333332 5.505882351374923
14.716666666666667 5.349763851659192
14.725 5.275568917566433
14.733333333333333 5.4177758678595564
14.741666666666665 5.612537571292622
14.75 5.63881494498345
14.758333333333333 5.558437098756579
14.766666666666667 5.5244310877772556
14.775 5.471876346153883
14.783333333333333 5.612537571292622
14.791666666666666 5.623357664648173
14.8 5.559982823910965
14.808333333333334 5.470330615241213
14.816666666666666 5.318849296746923
14.825 5.320395016143024
14.833333333333334 5.487333620730875
14.841666666666667 5.768656076766637
14.85 5.927866038307707
14.858333333333333 5.867582653637554
14.866666666666667 5.451781884597166
14.875 5.0035208239735525
14.883333333333333 4.640274796556536
14.891666666666666 4.648003433845032
14.9 4.918505796525242
14.908333333333333 5.185916703138396
14.916666666666666 5.2786603678752035
14.924999999999999 5.201373977715389
14.933333333333334 5.026706741597326
14.941666666666666 5.048346928308429
14.95 5.216831258050665
14.958333333333332 5.352855301967963
14.966666666666667 5.40386431843695
14.975 5.1843709779840115
14.983333333333333 4.872133967035981
14.991666666666665 4.8072133953861025
15.0 4.890682697680028
15.008333333333333 5.1271790493809135
15.016666666666667 5.419321593013942
15.025 5.610991846138236
15.033333333333333 5.60171747793707
15.041666666666666 5.572348648179187
15.05 5.626449120715228
15.058333333333334 5.825848005369735
15.066666666666666 5.878402746993106
15.075 5.5244310877772556
15.083333333333334 4.980334912108065
15.091666666666667 4.403778450613935
15.1 4.125547444886944
15.108333333333333 4.386775439365988
15.116666666666667 4.9957921866850565
15.125 5.649635038339001
15.133333333333333 6.0113353348433485
15.141666666666666 6.117990554761048
15.15 5.883039933972832
15.158333333333333 5.621811939493788
15.166666666666666 5.453327609751551
15.174999999999999 5.32348647221008
15.183333333333334 5.139544873649135
15.191666666666666 4.910777153478461
15.2 4.717561186716351
15.208333333333332 4.835036494231316
15.216666666666667 5.062258477731036
15.225 5.189008153447167
15.233333333333333 5.066895664710761
15.241666666666665 4.878316873411807
15.25 4.899957065881194
15.258333333333333 5.107084587824196
15.266666666666667 5.369858307457625
15.275 5.496607988932041
15.283333333333333 5.430141692127778
15.291666666666666 5.196736796493948
15.3 4.915414340458186
15.308333333333334 4.796393302030551
15.316666666666666 4.9293258898807935
15.325 5.073078571086587
15.333333333333334 5.040618296778217
15.341666666666667 4.848948049412208
15.35 4.536711032705893
15.358333333333333 4.405324170010036
15.366666666666667 4.467153285592858
15.375 4.814942038432883
15.383333333333333 5.175096609782845
15.391666666666666 5.342035208612412
15.4 5.246200087808549
15.408333333333333 5.0622584834893205
15.416666666666666 5.008158005194994
15.424999999999999 4.972606269061284
15.433333333333334 4.937054532927574
15.441666666666666 4.737655648273068
15.45 4.578445686731998
15.458333333333332 4.474881922881354
15.466666666666667 4.372863895701666
15.475 4.329583516521176
15.483333333333333 4.334220697742616
15.491666666666665 4.604723060422826
15.5 4.82730785694282
15.508333333333333 4.797939032943221
15.516666666666667 4.4980678405051275
15.525 4.114727351531393
15.533333333333333 3.8967797362328396
15.541666666666666 3.964791758191488
15.55 4.114727351531393
15.558333333333334 4.270845857005408
15.566666666666666 4.345040791098167
15.575 4.375955346010437
15.583333333333334 4.4594246483043625
15.591666666666667 4.66964362631442
15.6 5.042164021932603
15.608333333333333 5.17045942280312
15.616666666666667 4.971060538148614
15.625 4.830399313009876
15.633333333333333 4.828853582097206
15.641666666666666 4.814942038432883
15.65 4.729927010984572
15.658333333333333 4.572262774597887
15.666666666666666 4.502705021726568
15.674999999999999 4.445513098881755
15.683333333333334 4.426964362479423
15.691666666666666 4.508887933860679
15.7 4.448604549190526
15.708333333333332 4.40377844485565
15.75 4.878316873411807
15.758333333333333 5.0437097470869885
15.766666666666667 5.105538856911526
15.775 5.142636323957906
15.783333333333333 5.09317303840159
15.791666666666666 4.963331906618403
15.8 4.852039505479263
21.741666666666667 0.13602404967558235
21.75 -0.012365824268221496
21.758333333333333 0.04482610433487587
21.766666666666666 -0.035551736133709745
21.775 -0.12829540087051686
21.783333333333335 -0.2256762525870494
21.791666666666668 -0.20403606587594647
21.8 -0.06182911558282278
21.808333333333334 0.3261485603706373
21.816666666666666 0.7821382582827462
21.825 1.3416917142872136
21.833333333333332 1.296865609952338
21.841666666666665 1.0078145166280803
21.85 0.8037784507521338
21.858333333333334 0.8516960053957804
21.866666666666667 0.9892657802257481
21.875 0.8408759120402289
21.883333333333333 0.49617862102554405
21.891666666666666 0.3292400164376927
21.9 0.39416058232928614
21.90833333333333 0.5951051921381773
21.916666666666668 0.8207814504835114
21.925 0.9073422088444923
21.933333333333334 0.9011592967103816
21.941666666666666 1.2566766868389025
21.95 1.3849720934677041
21.958333333333332 1.182481752746143
21.966666666666665 0.7929583573965824
21.974999999999998 0.4683555221803304
21.983333333333334 0.16848432398395202
21.991666666666667 0.0834693022939257
22.0 0.24577071414376697
22.008333333333333 0.5564620056956968
22.016666666666666 0.5981966539635173
22.025 0.39106913202051546
22.033333333333335 0.23340489563383018
22.041666666666668 0.3926148571749008
22.05 0.663117214096826
22.058333333333334 0.983082873849922
22.066666666666666 1.119106912008935
22.075 1.0356376097150093
22.083333333333332 0.7404036100149257
22.091666666666665 0.6693001319892214
22.1 0.7898668955712422
22.108333333333334 0.8053241759065192
22.116666666666667 0.741949335169311
22.125 0.5765564614941296
22.133333333333333 0.4374409615097767
22.141666666666666 0.3539716649741357
22.15 0.30605410457220444
22.15833333333333 0.2627737253917139
22.166666666666668 0.03400601097932441
22.175 -0.09428939564947715
22.183333333333334 -0.015457274576992168
22.191666666666666 0.12056676934030548
22.2 0.1128381320518094
22.208333333333332 -0.06492056589159345
22.216666666666665 -0.11129240113913937
22.224999999999998 -0.015457274576992168
22.233333333333334 0.06182910982453808
22.241666666666667 0.08037784622687032
22.25 0.09119793958242178
22.258333333333333 0.3756118516852386
22.266666666666666 0.6522971264995593
22.275 0.717217686632868
22.283333333333335 0.6476599395198339
22.291666666666668 0.4760841537105418
22.3 0.3215113791491966
22.308333333333334 0.14529841211846378
22.316666666666666 -0.10356375809235857
22.325 -0.2086732528556719
22.333333333333332 -0.1391154942260683
22.341666666666665 -0.003091456067055374
22.35 0.17003005489662207
22.358333333333334 0.25659081325760313
22.366666666666667 0.3926148571749008
22.375 0.3462430276856396
22.383333333333333 0.23804208261355558
22.391666666666666 0.21949334621122335
22.4 0.22258479651999402
22.40833333333333 0.1963074285874504
22.416666666666668 0.02009446155671758
22.425 -0.05255474738165666
22.433333333333334 -0.15302704940695985
22.441666666666666 -0.17003005489662207
22.45 0.02473164277815829
22.458333333333332 0.3137827418607005
22.466666666666665 0.65848003863367
22.474999999999998 0.573465011185359
22.483333333333334 0.3756118516852386
22.491666666666667 0.27513954965993537
22.5 0.3617003022626317
22.508333333333333 0.4312580493756659
22.516666666666666 0.4297123242212806
22.525 0.4838127967573226
22.533333333333335 0.5054529892267102
22.541666666666668 0.5240017198707577
22.55 0.6291112088757863
22.558333333333334 0.6708458571436068
22.566666666666666 0.656934307721
22.575 0.6275654779631163
22.583333333333332 0.5734650054270743
22.591666666666665 0.5348218132263092
22.6 0.6306569340301716
22.608333333333334 0.7357664230352002
22.616666666666667 0.6445684892110632
22.625 0.44516960455655746
22.633333333333333 0.22567625834533409
22.641666666666666 -0.046371829489261204
22.65 -0.1128381262935247
22.65833333333333 0.003091456067055374
22.666666666666668 0.0015457309126700389
22.675 -0.10356376385064328
22.683333333333334 -0.2256762525870494
22.691666666666666 -0.3091455548809751
22.7 -0.2550450823449331
22.708333333333332 -0.1885787912989543
22.716666666666665 -0.1623014118498413
22.724999999999998 -0.0881064835153664
22.733333333333334 0.17466723611806279
22.741666666666667 0.40343495628873693
22.75 0.5131816265152063
22.758333333333333 0.35706312104119103
22.766666666666666 0.06182910982453808
22.775 -0.0958351265621472
22.783333333333335 0.06801202195864882
22.791666666666668 0.11747531327325011
22.8 0.06182911558282278
22.808333333333334 0.09428939564947715
22.816666666666666 0.2627737253917139
22.825 0.4652640603549903
22.833333333333332 0.34315157161858423
22.841666666666665 0.17003006065490678
22.85 0.03555174189199445
22.858333333333334 -0.0633748349789234
22.866666666666667 -0.006182906375826045
22.875 0.18703306614456897
22.883333333333333 0.4389866924224467
22.891666666666666 0.5332760880719238
22.9 0.3307857473503627
22.90833333333333 0.04637183524754591
22.916666666666668 -0.2009446098088911
22.925 -0.2983254615254236
22.933333333333334 -0.2766852748143207
22.941666666666666 -0.035551736133709745
22.95 0.2627737253917139
22.958333333333332 0.39106913202051546
22.966666666666665 0.35088020890708027
22.974999999999998 0.4142550496442884
22.983333333333334 0.5641906429841929
22.991666666666667 0.5981966482052326
23.0 0.3601545713499617
23.008333333333333 0.24577071990205168
23.016666666666666 0.26431945054609923
23.025 0.21485615923149792
23.033333333333335 0.0834693022939257
23.041666666666668 0.0711034780257042
23.05 0.25813653841198847
23.058333333333334 0.4621726100462196
23.066666666666666 0.517818807736647
23.075 0.46371833520060496
23.083333333333332 0.4080721375101777
23.091666666666665 0.33233147250474804
23.1 0.25659081325760313
23.108333333333334 0.19939888465450575
23.116666666666667 0.21176470892272725
23.125 0.4049806756848376
23.133333333333333 0.5100901704481509
23.141666666666666 0.44207814848950205
23.15 0.26431945054609923
23.15833333333333 0.36479175832968713
23.166666666666668 0.5610991811588528
23.175 0.6291112088757863
23.183333333333334 0.5564619999374121
23.191666666666666 0.5085444395354809
23.2 0.38179476381934935
23.208333333333332 0.054100478294326695
23.216666666666665 -0.24577071990205168
23.224999999999998 -0.32769429128330735
23.233333333333334 -0.15611850547401523
23.241666666666667 5.758284703504891e-09
23.25 0.006182912134110748
23.258333333333333 0.1004723020253032
23.266666666666666 0.2303134395667748
23.275 0.1128381320518094
23.283333333333335 -0.25349935143226304
23.291666666666668 -0.4528982418450535
23.3 -0.39570631324195615
23.308333333333334 -0.05410047253604199
23.316666666666666 0.17003005489662207
23.325 0.3617003022626317
23.333333333333332 0.6383855713186678
23.341666666666665 0.8609703735969465
23.35 0.7945040825509677
23.358333333333334 0.4853585219117079
23.366666666666667 0.14066122513873835
23.375 -0.11129239538085466
23.383333333333333 -0.1715757800510074
23.391666666666666 -0.1638471427625113
23.4 -0.08965220866975174
23.40833333333333 0.01700301124794691
23.416666666666668 0.12829540662880157
23.425 0.32924002219597737
23.433333333333334 0.5255474450251431
23.441666666666666 0.35706311528290635
23.45 -0.037097467046379784
23.458333333333332 -0.38643194504079004
23.466666666666665 -0.5425504505148052
23.474999999999998 -0.4822670658446525
23.483333333333334 -0.26277371963342916
23.491666666666667 -0.04637183524754591
23.5 0.3075998297265898
23.508333333333333 0.5626449120715229
23.516666666666666 0.6167453846075649
23.525 0.3292400164376927
23.533333333333335 0.037097467046379784
23.541666666666668 -0.11129239538085466
23.55 -0.22258480227827873
23.558333333333334 -0.2550450823449331
23.566666666666666 -0.33851437888057406
23.575 -0.37097466470551316
23.583333333333332 -0.22722198349971942
23.591666666666665 0.15302705516524456
23.6 0.5626449120715229
23.608333333333334 0.6723915880562769
23.616666666666667 0.47299270340177113
23.625 0.1128381320518094
23.633333333333333 -0.1174753075149654
23.641666666666666 0.03246028006665437
23.65 0.39106913202051546
23.65833333333333 0.4899957031331486
23.666666666666668 0.4776298846232118
23.675 0.355517390128521
23.683333333333334 0.28905109908254223
23.691666666666666 0.02009446155671758
23.7 -0.26277371963342916
23.708333333333332 -0.5657363681385782
23.716666666666665 -0.6971232308344352
23.724999999999998 -0.44980678001971347
23.733333333333334 0.05719192860309737
23.741666666666667 0.548733362648916
23.75 0.8408759120402289
23.758333333333333 0.8841562912207195
23.766666666666666 0.7187634175455381
23.775 0.5147273516695916
23.783333333333335 0.2921425493913129
23.791666666666668 0.09428939564947715
23.8 0.013911555180891535
23.808333333333334 0.05255474738165666
23.816666666666666 0.08656075836098107
23.825 0.19167024160772497
23.833333333333332 0.2782310057269908
23.841666666666665 0.2596822693246585
23.85 0.22103907136560869
23.858333333333334 0.19939888465450575
23.866666666666667 0.10510948900502862
23.875 0.1128381320518094
23.883333333333333 0.1839416100775136
23.891666666666666 0.3091455606392598
23.9 0.409617862664563
23.90833333333333 0.4683555221803304
23.916666666666668 0.34160584070591415
23.925 0.1422069560514084
23.933333333333334 -0.05255474162337195
23.941666666666666 -0.09428938989119245
23.95 -0.04328037918049053
23.958333333333332 0.04482610433487587
23.966666666666665 0.19476170343306506
23.974999999999998 0.3153284670150858
23.983333333333334 0.31996564823652657
23.991666666666667 0.3385143846388588
